[36, 118, 871];[54.0, 37.92, 28.0]
[359, 868, 372];[42.3, 38.86, 65.47]
[826, 374, 727];[26.28, 69.44, 80.85]
[602, 17, 66];[55.92, 61.21, 33.29]
[359, 19, 273];[43.67, 70.6, 67.14]
[749, 919, 301];[68.82, 66.92, 61.91]
[929, 995, 907];[35.52, 52.46, 39.68]
[23, 124, 273];[52.95, 67.48, 67.04]
[894, 792, 149];[50.11, 67.79, 101.84]
[728, 17, 435];[72.35, 46.74, 40.86]
[295, 235, 788];[60.27, 47.66, 44.94]
[867, 109, 294];[10.09, 74.14, 86.31]
[554, 156, 791];[64.65, 79.81, 45.26]
[178, 570, 891];[66.43, 43.8, 69.92]
[146, 369, 799];[51.91, 63.21, 68.6]
[138, 240, 358];[25.68, 64.19, 57.88]
[159, 445, 149];[71.39, 55.59, 94.67]
[413, 928, 83];[57.88, 36.27, 50.32]
[165, 884, 35];[81.97, 57.13, 80.92]
[396, 22, 201];[58.56, 58.38, 84.58]
[165, 23, 334];[75.4, 54.12, 36.85]
[873, 212, 832];[58.36, 36.23, 52.18]
[469, 893, 732];[13.2, 66.63, 55.03]
[273, 110, 463];[70.64, 79.34, 35.68]
[947, 976, 703];[85.96, 29.37, 64.24]
[35, 945, 276];[80.6, 15.82, 27.94]
[359, 464, 21];[49.95, 31.09, 75.5]
[116, 77, 254];[44.97, 92.26, 68.12]
[6, 841, 36];[79.94, 52.92, 31.72]
[60, 425, 65];[26.88, 65.3, 14.27]
[312, 100, 775];[61.41, 12.03, 44.0]
[472, 418, 17];[66.56, 67.33, 62.3]
[223, 249, 158];[58.61, 51.55, 56.18]
[125, 958, 140];[56.87, 44.66, 21.47]
[869, 91, 789];[49.41, 79.31, 79.99]
[89, 329, 840];[16.13, 72.01, 22.35]
[958, 919, 28];[46.44, 63.72, 35.96]
[796, 754, 892];[64.07, 40.04, 85.34]
[337, 925, 957];[63.69, 51.6, 85.19]
[870, 949, 918];[68.0, 38.19, 33.58]
[334, 7, 730];[38.33, 49.63, 45.16]
[7, 976, 843];[47.03, 44.55, 68.8]
[567, 800, 279];[71.77, 59.68, 74.83]
[892, 781, 207];[85.0, 37.77, 10.1]
[869, 914, 753];[48.7, 49.02, 36.83]
[8, 563, 372];[77.06, 84.15, 71.81]
[769, 244, 799];[65.87, 50.86, 73.43]
[30, 799, 178];[40.4, 69.9, 75.26]
[448, 762, 867];[67.55, 69.17, 27.02]
[261, 77, 839];[69.52, 73.91, 15.78]
[874, 369, 101];[47.34, 60.4, 4.69]
[431, 163, 563];[39.45, 74.23, 75.12]
[133, 833, 303];[20.26, 74.34, 42.43]
[645, 2, 732];[62.69, 77.67, 53.22]
[110, 402, 32];[70.69, 17.43, 98.91]
[65, 869, 147];[30.69, 48.68, 40.24]
[163, 8, 858];[71.37, 70.48, 58.19]
[341, 730, 412];[41.9, 41.59, 74.24]
[109, 67, 917];[84.58, 30.84, 17.38]
[156, 730, 928];[79.86, 40.56, 36.25]
[787, 869, 256];[52.05, 46.33, 74.05]
[563, 878, 341];[75.92, 54.82, 43.74]
[733, 351, 425];[75.27, 68.44, 73.72]
[341, 133, 965];[43.04, 13.15, 69.09]
[842, 791, 207];[35.13, 36.45, 15.21]
[798, 207, 216];[70.28, 15.71, 47.26]
[53, 881, 159];[38.56, 56.93, 77.46]
[159, 212, 749];[79.17, 38.3, 66.05]
[374, 797, 931];[90.19, 66.17, 57.69]
[768, 125, 451];[9.2, 54.93, 20.7]
[8, 139, 464];[77.94, 71.05, 45.57]
[94, 215, 343];[80.89, 51.94, 58.21]
[163, 6, 469];[67.69, 102.27, 16.73]
[788, 227, 256];[34.37, 76.35, 73.9]
[91, 794, 760];[74.75, 123.67, 48.36]
[91, 156, 312];[70.15, 84.86, 71.87]
[860, 840, 564];[54.57, 21.73, 100.99]
[26, 90, 787];[8.42, 56.33, 70.71]
[396, 995, 37];[53.89, 53.32, 59.88]
[711, 77, 216];[46.18, 71.03, 49.5]
[135, 733, 834];[29.75, 46.61, 45.36]
[165, 90, 273];[70.49, 57.07, 62.87]
[427, 160, 836];[61.68, 79.98, 57.7]
[124, 140, 782];[71.05, 33.45, 53.48]
[363, 331, 878];[96.18, 38.45, 55.4]
[172, 286, 603];[77.28, 2.25, 72.61]
[918, 564, 760];[27.69, 56.12, 47.66]
[252, 964, 752];[68.49, 58.1, 63.51]
[244, 253, 914];[42.99, 61.91, 62.61]
[876, 436, 431];[55.2, 73.01, 41.86]
[732, 362, 140];[51.43, 58.02, 21.99]
[133, 803, 201];[11.85, 43.75, 65.0]
[783, 805, 567];[77.28, 31.48, 71.07]
[301, 970, 142];[64.18, 30.44, 19.17]
[778, 436, 32];[33.81, 66.21, 99.3]
[83, 18, 831];[44.02, 56.06, 65.47]
[874, 58, 554];[45.11, 78.51, 67.33]
[138, 2, 37];[21.47, 67.82, 66.92]
[337, 858, 928];[62.35, 53.29, 44.05]
[26, 461, 471];[10.4, 88.08, 15.33]
[451, 896, 156];[19.72, 47.0, 93.19]
[139, 896, 870];[72.73, 45.97, 75.35]
[732, 773, 124];[49.16, 42.59, 60.96]
[964, 800, 329];[58.48, 44.45, 74.79]
[894, 971, 58];[55.26, 68.4, 76.58]
[425, 6, 928];[74.92, 124.92, 39.04]
[48, 84, 291];[64.19, -7.66, 59.55]
[20, 40, 794];[51.83, 80.27, 135.53]
[475, 219, 337];[1.82, 16.31, 63.72]
[89, 101, 358];[4.13, -0.62, 58.43]
[755, 762, 337];[66.39, 74.68, 60.51]
[84, 929, 832];[-8.27, 38.74, 32.65]
[20, 211, 312];[44.23, 85.12, 64.53]
[793, 881, 37];[35.13, 60.41, 69.94]
[279, 158, 786];[79.48, 123.38, 63.11]
[147, 703, 343];[38.72, 79.43, 59.05]
[878, 294, 369];[51.29, 75.28, 47.56]
[418, 437, 776];[64.14, 61.98, 65.06]
[464, 917, 788];[34.78, 9.51, 24.42]
[147, 917, 875];[32.17, 3.29, 33.54]
[313, 958, 577];[57.49, 41.99, 37.96]
[255, 880, 570];[46.9, 20.56, 35.3]
[776, 6, 335];[52.05, 98.53, 60.66]
[567, 279, 946];[72.36, 68.76, 71.12]
[970, 459, 777];[31.99, 44.34, 16.45]
[253, 790, 758];[63.81, 5.56, 42.86]
[165, 860, 754];[58.7, 44.88, 38.72]
[835, 437, 88];[57.82, 52.83, 0.25]
[797, 569, 790];[77.94, 50.04, 4.06]
[471, 73, 949];[14.33, 78.73, 42.84]
[365, 777, 556];[32.5, 15.65, 34.19]
[276, 958, 476];[36.42, 47.6, 61.78]
[435, 9, 279];[33.79, 48.77, 73.73]
[67, 800, 890];[43.72, 48.62, 57.83]
[223, 150, 436];[63.48, 13.57, 69.99]
[279, 942, 880];[63.0, 55.38, 20.3]
[556, 337, 392];[23.44, 61.23, 52.28]
[859, 135, 421];[15.54, 28.26, 18.71]
[727, 106, 577];[99.36, 52.35, 52.51]
[951, 318, 826];[37.47, 62.41, 20.46]
[788, 869, 91];[47.96, 40.09, 76.44]
[335, 160, 931];[62.57, 64.34, 55.15]
[866, 29, 179];[48.54, 27.96, 59.74]
[896, 351, 929];[65.91, 82.72, 30.12]
[426, 207, 805];[31.51, 19.9, 33.47]
[207, 780, 892];[20.6, 73.21, 84.12]
[140, 790, 374];[37.3, -3.02, 98.1]
[178, 35, 442];[79.79, 87.37, 4.35]
[956, 922, 769];[82.2, 93.04, 73.09]
[874, 463, 788];[47.73, 39.58, 48.4]
[11, 73, 950];[97.22, 81.85, 43.84]
[295, 178, 703];[57.46, 56.78, 56.7]
[797, 604, 20];[73.81, 5.34, 65.41]
[84, 757, 788];[20.12, 37.0, 38.51]
[791, 145, 110];[38.85, 46.96, 68.3]
[798, 971, 142];[69.35, 70.06, 25.22]
[732, 890, 320];[51.5, 56.92, 58.15]
[891, 17, 100];[73.31, 59.77, 12.7]
[876, 252, 786];[60.57, 66.79, 47.93]
[459, 342, 29];[45.11, 64.95, 26.46]
[446, 569, 948];[68.21, 45.34, 89.86]
[771, 65, 461];[102.17, 45.18, 70.84]
[831, 403, 249];[68.12, 43.69, 47.58]
[150, 560, 292];[21.63, 32.19, 24.16]
[178, 472, 786];[61.71, 70.41, 52.91]
[211, 727, 38];[63.42, 92.49, 53.57]
[327, 87, 227];[47.33, 24.11, 62.71]
[882, 313, 569];[45.12, 64.8, 53.04]
[949, 38, 459];[18.42, 54.54, 40.47]
[6, 877, 316];[108.17, 41.62, 37.72]
[83, 789, 421];[65.62, 77.59, 15.16]
[836, 876, 104];[61.94, 62.21, 48.37]
[881, 259, 792];[63.96, 49.31, 72.54]
[867, 88, 19];[6.46, 0.81, 73.12]
[172, 795, 276];[56.39, 44.93, 36.01]
[110, 238, 454];[53.29, 12.65, 3.52]
[78, 30, 788];[22.57, 33.06, 19.29]
[362, 343, 471];[39.0, 55.29, 6.41]
[871, 798, 566];[18.92, 72.52, 36.46]
[447, 436, 832];[55.54, 71.73, 38.77]
[318, 138, 970];[56.01, 20.01, 32.0]
[791, 149, 695];[36.4, 109.63, 37.67]
[567, 261, 387];[71.37, 64.0, 34.17]
[100, 446, 116];[12.95, 70.47, 41.96]
[892, 604, 291];[80.59, 5.48, 65.37]
[892, 172, 798];[75.25, 60.89, 62.46]
[875, 835, 113];[38.19, 48.24, 89.32]
[21, 778, 896];[79.26, 25.22, 49.14]
[88, 113, 643];[1.18, 85.88, 36.48]
[89, 892, 88];[16.66, 68.41, 1.36]
[752, 220, 476];[64.28, 37.81, 68.21]
[788, 405, 871];[37.82, 69.35, 15.91]
[799, 140, 860];[64.43, 26.47, 56.93]
[755, 29, 9];[69.64, 25.77, 51.11]
[165, 251, 870];[74.56, 64.58, 82.44]
[781, 728, 774];[45.31, 77.7, 79.02]
[801, 294, 732];[19.52, 82.11, 54.93]
[766, 577, 34];[56.35, 66.9, 72.77]
[728, 880, 413];[80.25, 17.42, 48.12]
[922, 769, 826];[90.97, 78.64, -4.42]
[437, 892, 445];[54.11, 56.45, 63.51]
[727, 412, 244];[103.53, 75.79, 49.47]
[783, 796, 337];[82.59, 47.24, 69.95]
[29, 89, 802];[28.66, 12.68, 55.79]
[40, 318, 695];[50.19, 73.22, 37.81]
[259, 577, 84];[36.18, 74.8, 60.83]
[47, 19, 36];[87.55, 65.47, 32.46]
[60, 94, 881];[24.79, 88.4, 58.06]
[560, 8, 279];[67.11, 59.61, 90.88]
[802, 836, 337];[46.12, 55.26, 68.03]
[94, 840, 304];[79.07, 18.0, 26.0]
[48, 343, 55];[66.19, 53.79, 57.46]
[392, 94, 914];[45.17, 70.86, 51.31]
[868, 752, 437];[39.4, 57.42, 50.73]
[794, 22, 569];[132.26, 66.64, 49.03]
[110, 338, 256];[67.85, 26.22, 74.99]
[339, 783, 801];[10.61, 77.88, 29.32]
[644, 883, 9];[60.68, 72.62, 46.08]
[20, 46, 252];[64.41, 32.04, 67.8]
[795, 563, 752];[38.96, 74.91, 59.86]
[131, 40, 454];[21.28, 86.3, 15.3]
[796, 861, 113];[62.22, 88.66, 101.98]
[413, 782, 396];[42.76, 46.66, 53.62]
[116, 833, 402];[44.18, 72.81, 27.07]
[259, 871, 365];[53.58, 26.24, 40.28]
[66, 276, 834];[38.15, 32.41, 79.39]
[918, 29, 791];[30.61, 27.86, 37.98]
[11, 104, 976];[123.57, 54.88, 43.08]
[156, 773, 802];[84.32, 49.62, 62.15]
[874, 18, 125];[32.61, 55.51, 64.26]
[35, 47, 316];[86.17, 78.96, 45.33]
[835, 351, 893];[53.99, 69.08, 65.28]
[875, 464, 65];[53.79, 36.85, 28.66]
[118, 240, 881];[27.23, 67.86, 56.6]
[106, 964, 213];[44.95, 54.39, 35.67]
[964, 339, 885];[46.86, 4.06, 43.74]
[949, 711, 17];[14.0, 21.72, 49.74]
[211, 872, 442];[86.17, 101.07, 2.32]
[873, 885, 896];[96.91, 36.91, 48.31]
[802, 794, 7];[57.12, 115.97, 67.7]
[179, 753, 135];[68.0, 35.98, 29.99]
[65, 26, 733];[46.29, 12.23, 75.32]
[875, 783, 403];[38.22, 78.24, 54.55]
[766, 870, 58];[54.26, 71.6, 79.71]
[786, 892, 55];[43.02, 82.69, 66.2]
[883, 47, 885];[69.27, 71.11, 43.67]
[249, 972, 413];[56.56, 69.89, 45.7]
[947, 802, 748];[77.36, 69.82, 57.91]
[877, 165, 342];[37.41, 59.17, 73.42]
[832, 99, 106];[46.78, 28.75, 45.86]
[403, 223, 331];[56.13, 62.2, 61.56]
[703, 730, 958];[59.32, 48.88, 48.46]
[158, 147, 454];[57.77, 38.38, 16.04]
[431, 402, 773];[38.95, 18.35, 46.91]
[560, 53, 965];[34.36, 36.59, 60.72]
[213, 471, 18];[46.54, 14.1, 60.64]
[213, 464, 763];[43.4, 39.52, 54.14]
[227, 110, 435];[71.12, 66.27, 33.31]
[431, 219, 274];[45.63, 29.55, 58.38]
[358, 920, 925];[50.32, 43.32, 57.68]
[835, 893, 475];[45.84, 70.21, 13.1]
[396, 101, 914];[51.88, 16.66, 48.95]
[451, 131, 748];[15.66, 17.78, 52.21]
[892, 261, 369];[80.36, 62.83, 60.22]
[782, 843, 778];[48.63, 66.55, 29.22]
[7, 554, 90];[45.19, 71.5, 54.86]
[556, 77, 995];[21.71, 62.7, 50.1]
[392, 797, 254];[32.5, 69.38, 50.44]
[274, 475, 172];[53.99, 15.72, 71.41]
[881, 372, 950];[45.84, 59.84, 37.77]
[179, 78, 8];[68.0, 40.01, 80.0]
[421, 87, 461];[19.75, 22.11, 70.94]
[427, 563, 431];[50.34, 75.33, 37.82]
[965, 858, 435];[70.38, 51.04, 37.55]
[895, 603, 783];[50.68, 64.04, 79.5]
[29, 763, 771];[24.54, 60.59, 95.07]
[334, 795, 890];[31.9, 43.41, 56.36]
[757, 778, 946];[36.2, 31.78, 79.83]
[766, 949, 77];[48.73, 58.64, 72.09]
[976, 343, 73];[47.57, 53.72, 86.42]
[274, 749, 794];[52.19, 69.12, 139.34]
[163, 365, 150];[68.04, 27.76, 21.0]
[859, 604, 771];[15.99, 1.13, 95.2]
[227, 995, 219];[65.94, 45.85, 28.5]
[22, 757, 116];[69.99, 37.48, 46.6]
[276, 396, 942];[33.29, 40.37, 52.67]
[776, 36, 835];[66.04, 51.6, 53.33]
[91, 946, 763];[79.02, 68.88, 59.05]
[797, 755, 471];[76.04, 47.77, 3.11]
[564, 792, 329];[93.73, 63.56, 87.24]
[142, 166, 327];[5.48, 35.81, 42.48]
[84, 359, 362];[24.88, 41.05, 55.66]
[413, 995, 215];[70.65, 60.4, 50.22]
[78, 294, 412];[28.42, 78.71, 57.28]
[77, 165, 826];[87.7, 66.35, 17.88]
[145, 921, 733];[55.48, 58.32, 61.13]
[304, 878, 803];[14.86, 51.27, 50.83]
[9, 442, 774];[54.81, 71.07, 69.63]
[240, 797, 831];[75.51, 51.63, 49.61]
[32, 425, 733];[76.01, 76.04, 54.91]
[881, 11, 889];[60.0, 97.22, 56.02]
[118, 160, 351];[36.05, 66.01, 68.26]
[947, 889, 363];[71.28, 58.0, 65.97]
[8, 781, 312];[77.95, 36.98, 61.72]
[604, 603, 369];[4.07, 65.21, 60.34]
[732, 859, 922];[52.57, 14.98, 73.48]
[644, 919, 867];[64.69, 66.53, 31.08]
[156, 109, 179];[81.25, 74.67, 63.17]
[703, 554, 866];[56.74, 71.43, 61.76]
[469, 274, 870];[24.29, 57.54, 73.5]
[955, 124, 261];[41.64, 67.26, 66.48]
[800, 995, 101];[56.91, 54.37, 5.76]
[755, 445, 17];[67.01, 56.4, 49.38]
[341, 972, 21];[42.22, 72.14, 71.08]
[907, 274, 149];[56.83, 61.64, 98.84]
[832, 48, 923];[53.47, 69.05, 9.73]
[783, 163, 788];[76.11, 66.22, 45.38]
[929, 791, 914];[30.98, 46.69, 49.56]
[553, 89, 758];[50.5, 12.86, 38.66]
[36, 874, 919];[42.38, 49.05, 62.56]
[106, 387, 133];[38.91, 36.4, 13.54]
[373, 84, 955];[40.49, 17.76, 34.38]
[800, 447, 755];[43.42, 54.42, 51.01]
[832, 339, 110];[64.98, 10.37, 54.71]
[800, 238, 870];[44.92, 29.42, 64.88]
[603, 866, 964];[63.31, 46.08, 54.87]
[917, 884, 445];[18.64, 53.97, 55.49]
[757, 711, 790];[29.05, 38.54, 5.25]
[101, 645, 472];[-2.32, 66.12, 93.98]
[363, 566, 165];[83.69, 40.59, 84.68]
[790, 766, 891];[8.06, 54.02, 72.0]
[577, 244, 360];[39.09, 44.62, 48.04]
[564, 705, 730];[91.04, 69.94, 48.18]
[448, 48, 774];[71.57, 64.07, 66.88]
[373, 342, 918];[47.02, 74.46, 27.61]
[213, 11, 139];[44.16, 101.9, 62.51]
[790, 925, 149];[11.67, 47.61, 118.75]
[925, 9, 40];[47.36, 48.87, 79.65]
[859, 871, 803];[8.06, 19.31, 42.81]
[840, 907, 160];[14.11, 59.65, 69.95]
[124, 705, 957];[57.5, 62.66, 79.84]
[771, 160, 798];[107.12, 69.17, 77.32]
[213, 787, 6];[40.11, 61.13, 97.02]
[351, 373, 793];[75.48, 46.36, 37.99]
[955, 564, 138];[42.76, 64.48, 23.24]
[338, 831, 145];[31.98, 57.74, 56.79]
[763, 754, 160];[43.53, 33.73, 69.81]
[7, 212, 147];[65.91, 38.94, 31.6]
[896, 566, 577];[43.31, 36.22, 83.7]
[89, 840, 207];[5.77, 13.98, 9.11]
[841, 276, 342];[53.72, 36.11, 79.89]
[445, 227, 840];[59.59, 76.42, 8.58]
[337, 881, 755];[57.29, 59.58, 52.62]
[101, 100, 970];[3.23, 8.64, 10.28]
[37, 797, 795];[52.11, 52.41, 34.8]
[792, 560, 771];[104.01, 21.49, 148.38]
[427, 840, 947];[52.16, 7.23, 96.61]
[869, 840, 885];[51.69, 6.97, 22.32]
[165, 469, 834];[73.87, -0.97, 46.27]
[964, 223, 894];[48.29, 60.68, 28.32]
[145, 223, 425];[43.99, 56.02, 74.01]
[412, 762, 965];[68.46, 70.57, 69.91]
[801, 351, 891];[35.77, 68.35, 73.52]
[212, 165, 929];[38.85, 62.49, 39.57]
[861, 166, 931];[41.57, 45.32, 69.08]
[553, 914, 603];[46.52, 40.05, 64.4]
[948, 32, 58];[95.75, 96.24, 80.11]
[142, 313, 766];[19.28, 60.67, 60.6]
[751, 802, 238];[63.07, 68.38, 31.98]
[163, 156, 892];[69.29, 79.44, 74.12]
[146, 11, 211];[54.55, 98.61, 67.91]
[840, 882, 291];[23.28, 44.5, 69.49]
[803, 101, 471];[43.06, 9.34, 16.24]
[890, 805, 160];[65.95, 37.35, 71.37]
[431, 436, 831];[46.61, 70.2, 57.67]
[780, 303, 705];[76.74, 41.48, 62.63]
[359, 316, 427];[51.06, 44.26, 45.77]
[402, 561, 318];[16.46, 63.94, 75.67]
[165, 227, 881];[66.28, 68.98, 64.05]
[803, 958, 113];[42.1, 39.92, 85.71]
[253, 316, 405];[70.91, 46.05, 68.11]
[291, 914, 867];[47.02, 74.72, 17.18]
[766, 445, 843];[56.67, 58.73, 70.96]
[294, 87, 276];[70.79, 14.14, 40.7]
[771, 751, 437];[130.04, 82.81, 50.08]
[882, 140, 918];[43.01, 30.67, 19.8]
[374, 882, 343];[96.08, 42.34, 49.75]
[106, 22, 159];[51.83, 85.39, 91.79]
[867, 799, 951];[5.95, 80.25, 34.91]
[703, 249, 561];[72.42, 72.36, 62.86]
[163, 931, 873];[65.76, 70.64, 56.34]
[566, 256, 146];[39.51, 74.73, 51.71]
[66, 566, 870];[30.85, 39.04, 70.55]
[928, 201, 695];[43.77, 67.45, 37.69]
[341, 116, 774];[42.03, 40.71, 66.88]
[125, 842, 166];[53.22, 38.09, 46.61]
[47, 861, 759];[65.95, 40.38, 57.85]
[563, 730, 6];[78.16, 55.21, 100.89]
[35, 166, 23];[92.36, 45.14, 54.19]
[387, 19, 914];[38.48, 74.55, 40.38]
[240, 942, 213];[64.31, 59.43, 41.45]
[27, 644, 957];[46.62, 64.3, 86.39]
[116, 919, 788];[43.62, 63.8, 32.32]
[254, 418, 292];[79.0, 65.82, 9.97]
[787, 893, 55];[63.91, 66.7, 62.24]
[34, 563, 358];[96.26, 83.02, 55.57]
[751, 882, 799];[72.32, 38.96, 69.86]
[945, 563, 156];[18.03, 86.49, 89.6]
[163, 554, 890];[72.17, 64.04, 69.89]
[882, 46, 831];[38.65, 21.86, 64.31]
[396, 48, 832];[52.45, 67.0, 39.55]
[223, 138, 728];[76.98, 23.64, 61.1]
[461, 312, 40];[91.15, 71.15, 76.07]
[29, 727, 956];[25.36, 101.96, 66.78]
[642, 140, 797];[19.24, 25.43, 71.08]
[118, 447, 749];[24.44, 70.92, 65.61]
[447, 149, 146];[65.53, 99.95, 44.21]
[32, 566, 798];[77.0, 31.88, 57.0]
[396, 950, 569];[54.61, 54.41, 43.09]
[603, 431, 135];[52.54, 49.58, 32.59]
[836, 800, 273];[50.01, 62.12, 58.02]
[970, 563, 789];[29.68, 77.62, 76.64]
[213, 768, 567];[45.65, 12.08, 71.56]
[363, 244, 138];[64.73, 45.64, 21.38]
[469, 8, 950];[25.62, 77.67, 49.76]
[759, 751, 454];[55.38, 59.59, 15.03]
[261, 58, 884];[65.78, 77.85, 57.04]
[339, 957, 17];[8.87, 83.26, 54.39]
[793, 35, 766];[40.06, 85.02, 53.39]
[211, 402, 755];[71.39, 19.79, 69.55]
[896, 869, 958];[51.34, 50.69, 52.39]
[604, 341, 109];[3.03, 39.73, 82.34]
[335, 402, 728];[51.06, 24.84, 74.61]
[733, 261, 106];[76.61, 62.43, 45.19]
[771, 841, 871];[113.02, 70.25, 21.5]
[447, 836, 957];[66.08, 54.11, 82.39]
[727, 405, 77];[96.68, 66.99, 88.7]
[870, 20, 6];[78.43, 56.28, 110.18]
[2, 951, 87];[72.22, 41.58, 26.93]
[22, 842, 427];[74.95, 23.58, 61.53]
[90, 768, 6];[56.65, 10.96, 86.32]
[476, 794, 870];[72.85, 114.06, 81.66]
[339, 104, 150];[8.5, 53.01, 16.55]
[312, 106, 759];[79.33, 46.62, 74.18]
[139, 105, 46];[77.3, 83.12, 3.05]
[27, 318, 84];[28.67, 86.2, 53.37]
[140, 21, 781];[33.93, 75.88, 41.88]
[885, 831, 875];[20.07, 48.01, 49.77]
[34, 971, 858];[62.37, 81.56, 71.87]
[94, 27, 294];[76.2, 15.54, 89.69]
[554, 58, 695];[68.04, 81.27, 37.99]
[238, 776, 219];[33.36, 58.93, 31.88]
[365, 753, 896];[30.26, 33.55, 44.63]
[291, 20, 834];[63.05, 68.12, 82.24]
[928, 274, 172];[39.92, 52.81, 64.79]
[866, 139, 211];[61.89, 66.7, 70.4]
[773, 949, 796];[39.62, 43.01, 62.31]
[792, 26, 834];[65.87, 4.35, 82.09]
[869, 826, 34];[47.95, 16.01, 87.28]
[918, 454, 316];[30.89, 13.38, 48.28]
[793, 728, 559];[45.84, 72.54, 64.04]
[803, 777, 556];[46.87, 17.82, 29.84]
[105, 826, 695];[73.8, 12.4, 45.63]
[797, 867, 312];[66.72, 41.05, 66.29]
[30, 976, 273];[21.55, 36.9, 93.97]
[274, 895, 256];[65.74, 58.98, 73.86]
[213, 757, 421];[40.57, 41.15, 21.61]
[796, 831, 765];[51.18, 59.4, 90.98]
[110, 279, 125];[55.94, 80.87, 42.57]
[292, 925, 392];[8.83, 45.48, 45.23]
[259, 65, 359];[45.88, 37.52, 50.03]
[312, 783, 602];[55.2, 85.23, 63.53]
[705, 758, 791];[65.38, 42.6, 29.46]
[303, 551, 29];[49.05, 83.68, 28.66]
[213, 834, 577];[33.45, 75.12, 78.08]
[832, 942, 873];[34.03, 64.4, 63.95]
[53, 138, 476];[56.23, 17.22, 72.78]
[802, 972, 861];[65.96, 78.41, 67.35]
[165, 871, 94];[71.35, 19.48, 82.81]
[733, 396, 876];[73.46, 50.62, 62.78]
[867, 99, 788];[25.99, 34.0, 38.0]
[841, 436, 301];[69.5, 65.44, 61.95]
[567, 461, 338];[71.43, 71.78, 34.12]
[296, 276, 101];[70.84, 33.4, 8.76]
[865, 362, 254];[57.2, 60.35, 62.6]
[789, 150, 560];[76.76, 25.67, 41.98]
[131, 560, 125];[26.78, 43.01, 56.69]
[840, 342, 405];[16.04, 70.3, 59.78]
[125, 261, 273];[54.33, 73.65, 61.99]
[339, 469, 215];[12.67, 23.96, 55.08]
[273, 859, 220];[64.25, 15.48, 45.94]
[47, 77, 427];[67.8, 77.32, 59.17]
[795, 771, 802];[43.38, 92.65, 67.83]
[163, 2, 40];[80.41, 66.68, 80.26]
[922, 876, 602];[73.17, 61.8, 66.79]
[858, 358, 569];[55.92, 48.99, 48.59]
[240, 873, 88];[68.31, 60.46, -4.88]
[533, 286, 964];[76.14, 24.53, 69.48]
[172, 125, 778];[64.55, 62.04, 46.54]
[777, 9, 431];[15.65, 51.74, 41.11]
[58, 469, 426];[100.51, 22.61, 32.63]
[294, 945, 150];[90.94, 21.32, 32.82]
[865, 396, 18];[69.89, 55.25, 53.03]
[147, 53, 109];[47.55, 30.65, 103.97]
[403, 788, 602];[63.16, 34.1, 74.0]
[286, 22, 970];[23.96, 78.49, 13.9]
[351, 425, 73];[101.54, 76.13, 92.47]
[732, 341, 976];[56.46, 43.16, 39.14]
[372, 338, 22];[68.88, 43.71, 68.0]
[331, 286, 113];[60.22, 21.14, 75.09]
[38, 19, 869];[56.0, 72.0, 46.33]
[569, 359, 337];[45.15, 42.37, 59.88]
[995, 554, 604];[50.91, 68.96, 3.86]
[751, 759, 914];[58.82, 54.58, 40.12]
[551, 392, 32];[75.68, 45.48, 99.26]
[559, 947, 396];[61.92, 72.04, 49.8]
[18, 603, 149];[58.18, 64.38, 105.4]
[955, 866, 149];[37.93, 53.57, 101.34]
[431, 780, 861];[38.76, 84.59, 58.75]
[790, 396, 99];[10.89, 49.19, 31.23]
[755, 30, 255];[56.75, 24.28, 48.88]
[131, 776, 947];[21.48, 54.92, 73.87]
[970, 445, 312];[19.24, 56.42, 70.26]
[58, 907, 840];[75.33, 77.93, 16.08]
[158, 201, 255];[63.79, 76.75, 48.57]
[244, 402, 135];[45.14, 14.97, 20.59]
[800, 891, 405];[47.69, 77.83, 78.11]
[149, 833, 955];[114.05, 73.3, 34.33]
[87, 32, 73];[15.45, 76.12, 74.94]
[219, 835, 705];[32.66, 49.31, 61.27]
[762, 158, 803];[65.49, 78.1, 47.05]
[695, 142, 919];[37.04, 12.84, 66.66]
[768, 801, 928];[8.63, 12.46, 37.82]
[840, 471, 762];[13.71, 13.78, 66.98]
[252, 150, 788];[62.83, 13.76, 28.57]
[337, 201, 775];[53.51, 69.63, 36.28]
[179, 331, 48];[51.72, 51.53, 58.87]
[372, 872, 163];[66.04, 48.05, 53.64]
[27, 733, 99];[26.39, 81.66, 30.09]
[28, 360, 925];[27.42, 52.92, 51.22]
[66, 55, 788];[33.99, 57.88, 38.0]
[139, 870, 87];[66.02, 70.72, 21.81]
[334, 256, 872];[30.52, 74.16, 39.83]
[728, 782, 139];[69.93, 35.14, 65.86]
[339, 805, 711];[11.03, 31.46, 6.14]
[870, 163, 872];[63.17, 72.58, 36.75]
[403, 795, 253];[50.15, 42.78, 57.45]
[695, 754, 880];[41.2, 39.64, 18.33]
[881, 892, 878];[65.85, 91.46, 50.47]
[274, 730, 90];[56.83, 46.23, 51.43]
[88, 372, 437];[-1.45, 68.43, 53.31]
[454, 798, 327];[11.84, 80.82, 52.3]
[971, 8, 782];[66.01, 80.41, 41.03]
[865, 219, 602];[55.36, 31.3, 59.93]
[730, 801, 274];[43.18, 27.27, 53.16]
[793, 34, 751];[39.67, 96.84, 56.47]
[554, 920, 216];[69.93, 50.3, 50.3]
[560, 342, 118];[36.4, 71.63, 19.98]
[883, 928, 296];[65.85, 30.29, 82.51]
[556, 923, 883];[27.11, -1.99, 66.35]
[865, 261, 602];[43.31, 66.43, 54.63]
[805, 139, 19];[31.44, 62.54, 78.46]
[412, 803, 769];[57.69, 55.06, 68.99]
[889, 956, 947];[57.74, 43.34, 74.08]
[762, 889, 454];[97.66, 62.39, 8.79]
[106, 801, 337];[46.5, 23.04, 65.47]
[351, 560, 795];[90.56, 36.69, 51.77]
[47, 782, 923];[64.88, 49.99, 6.11]
[425, 768, 337];[80.74, 9.84, 61.2]
[780, 128, 866];[96.22, 95.65, 46.45]
[881, 868, 147];[60.0, 38.67, 45.9]
[334, 405, 58];[30.45, 60.36, 81.22]
[921, 2, 26];[60.84, 69.96, 12.44]
[207, 801, 426];[16.35, 26.19, 16.65]
[894, 794, 885];[49.29, 126.77, 43.17]
[454, 212, 442];[15.87, 33.26, 26.85]
[22, 124, 603];[66.53, 65.74, 61.95]
[896, 240, 976];[46.27, 79.51, 37.95]
[235, 252, 18];[49.64, 64.69, 61.05]
[880, 374, 252];[19.85, 76.58, 59.66]
[292, 396, 37];[12.03, 53.78, 69.76]
[779, 212, 892];[45.09, 25.74, 93.17]
[553, 446, 798];[32.88, 44.41, 55.94]
[786, 436, 475];[78.84, 78.95, 16.77]
[36, 645, 48];[39.24, 48.79, 71.92]
[18, 303, 338];[62.71, 52.9, 17.47]
[104, 556, 711];[52.88, 27.75, 24.72]
[569, 338, 48];[55.97, 21.79, 64.83]
[23, 730, 928];[58.97, 51.35, 41.98]
[777, 890, 34];[8.37, 94.44, 75.38]
[553, 65, 760];[42.11, 24.67, 58.47]
[642, 48, 358];[14.15, 60.1, 50.1]
[799, 11, 858];[77.94, 125.28, 59.17]
[957, 109, 766];[86.0, 87.97, 50.17]
[923, 447, 46];[4.32, 77.35, -16.91]
[220, 146, 773];[31.25, 38.06, 34.76]
[139, 782, 892];[80.39, 58.2, 79.41]
[771, 138, 885];[141.04, 18.36, 38.06]
[799, 249, 795];[75.15, 54.59, 42.58]
[786, 251, 472];[71.19, 40.01, 66.04]
[779, 919, 150];[40.01, 64.01, 22.02]
[135, 58, 799];[30.11, 81.38, 75.98]
[94, 917, 77];[78.87, 32.27, 79.06]
[643, 931, 274];[32.36, 69.53, 52.01]
[949, 914, 99];[67.31, 40.63, 33.24]
[459, 99, 803];[50.63, 32.52, 41.11]
[774, 533, 553];[64.11, 73.29, 60.15]
[30, 947, 405];[26.28, 82.41, 68.38]
[925, 212, 100];[53.86, 36.09, 12.13]
[291, 730, 22];[71.86, 59.69, 74.21]
[55, 359, 213];[55.82, 38.88, 42.21]
[875, 445, 149];[41.95, 51.0, 122.78]
[890, 995, 563];[68.65, 52.5, 76.69]
[372, 165, 105];[64.69, 57.25, 70.17]
[789, 831, 329];[82.2, 72.06, 73.96]
[138, 105, 412];[20.57, 66.52, 56.61]
[2, 128, 754];[65.64, 88.13, 34.22]
[128, 448, 475];[87.5, 81.7, 22.64]
[327, 956, 172];[58.48, 39.77, 55.89]
[781, 867, 150];[26.84, 4.59, 27.59]
[751, 872, 955];[64.5, 33.67, 31.9]
[728, 948, 77];[65.82, 94.9, 96.66]
[566, 782, 318];[31.4, 32.5, 46.59]
[244, 762, 567];[48.97, 91.78, 67.12]
[459, 950, 369];[45.61, 50.12, 60.31]
[748, 781, 113];[41.46, 25.38, 75.5]
[273, 276, 253];[59.54, 20.17, 54.39]
[842, 955, 644];[25.01, 28.7, 57.65]
[796, 21, 931];[50.79, 91.04, 69.32]
[363, 751, 890];[110.77, 40.6, 58.36]
[227, 359, 771];[64.0, 41.95, 86.64]
[799, 878, 459];[75.92, 56.82, 45.28]
[875, 765, 90];[38.45, 64.33, 53.71]
[252, 566, 160];[58.9, 39.39, 68.14]
[865, 695, 7];[58.15, 36.3, 49.76]
[752, 47, 866];[57.01, 66.88, 58.73]
[128, 564, 762];[81.79, 87.78, 71.65]
[604, 147, 965];[3.18, 44.74, 63.5]
[418, 21, 35];[70.72, 81.73, 99.78]
[792, 369, 21];[64.26, 58.25, 77.39]
[313, 727, 947];[59.34, 86.36, 72.92]
[732, 768, 765];[52.98, 11.99, 66.4]
[106, 425, 703];[46.67, 74.74, 47.35]
[475, 703, 874];[13.73, 47.55, 41.14]
[90, 868, 577];[53.06, 35.1, 53.74]
[223, 158, 113];[55.22, 60.98, 99.58]
[553, 249, 28];[39.69, 56.17, 33.83]
[797, 320, 751];[80.09, 62.91, 54.46]
[34, 104, 773];[91.85, 47.13, 44.18]
[875, 950, 67];[32.66, 51.62, 39.73]
[835, 405, 831];[42.04, 60.42, 54.75]
[995, 146, 868];[32.03, 50.71, 22.87]
[711, 312, 413];[9.55, 69.8, 33.92]
[472, 240, 166];[67.91, 63.27, 32.78]
[405, 928, 219];[55.74, 42.93, 28.43]
[790, 945, 365];[3.32, 8.56, 33.56]
[476, 971, 304];[68.1, 76.45, 32.9]
[435, 805, 249];[36.38, 33.12, 49.08]
[372, 140, 220];[76.22, 23.28, 30.43]
[227, 91, 238];[88.58, 63.79, 14.7]
[873, 252, 469];[56.34, 57.73, 28.0]
[163, 947, 219];[65.75, 70.3, 32.75]
[46, 118, 261];[41.19, 35.39, 64.5]
[276, 335, 921];[33.78, 61.87, 62.49]
[215, 603, 392];[51.91, 66.02, 46.75]
[759, 256, 105];[54.77, 77.29, 70.12]
[372, 870, 884];[67.45, 72.09, 61.43]
[711, 437, 91];[14.12, 53.91, 80.04]
[252, 559, 425];[60.91, 62.89, 74.73]
[110, 793, 405];[72.46, 46.77, 65.34]
[146, 948, 757];[59.04, 93.41, 33.0]
[766, 931, 946];[58.66, 77.11, 67.63]
[447, 461, 105];[63.23, 76.07, 73.88]
[47, 9, 448];[67.53, 47.49, 70.74]
[178, 642, 351];[68.9, 31.5, 82.74]
[249, 238, 166];[51.07, 45.24, 47.79]
[91, 337, 861];[64.75, 66.43, 35.64]
[235, 27, 553];[57.51, 58.15, 54.12]
[358, 48, 762];[55.52, 88.01, 85.05]
[880, 603, 834];[19.19, 60.54, 75.16]
[946, 65, 88];[75.53, 29.66, -3.39]
[891, 799, 896];[58.75, 65.26, 34.26]
[782, 150, 276];[53.38, 15.68, 39.02]
[794, 446, 561];[124.46, 62.74, 62.81]
[446, 19, 860];[58.4, 76.64, 50.01]
[116, 949, 223];[43.02, 76.81, 80.1]
[459, 948, 950];[56.69, 101.32, 45.17]
[469, 957, 99];[10.13, 88.57, 19.19]
[369, 412, 950];[53.78, 72.96, 45.5]
[566, 254, 896];[32.24, 81.42, 31.27]
[570, 842, 34];[37.98, 40.0, 93.93]
[20, 327, 917];[65.64, 50.52, 31.33]
[919, 800, 53];[64.93, 53.25, 32.18]
[835, 832, 99];[56.97, 50.57, 35.08]
[878, 255, 413];[54.91, 49.86, 50.28]
[413, 8, 797];[50.99, 72.49, 65.95]
[556, 392, 748];[34.34, 50.7, 59.33]
[90, 436, 2];[53.42, 70.5, 56.73]
[138, 602, 99];[21.9, 60.22, 33.91]
[892, 363, 19];[69.1, 58.62, 67.97]
[459, 426, 131];[44.22, 21.51, 21.46]
[577, 861, 360];[50.1, 40.2, 58.51]
[866, 244, 53];[46.18, 49.87, 38.78]
[37, 47, 695];[61.33, 67.95, 33.22]
[705, 872, 803];[71.49, 39.24, 45.76]
[292, 563, 896];[13.96, 81.24, 50.16]
[972, 469, 131];[79.44, 17.51, 34.06]
[140, 207, 782];[23.8, 16.0, 46.19]
[431, 918, 131];[43.85, 34.95, 33.17]
[303, 800, 223];[53.45, 46.68, 62.57]
[950, 866, 976];[47.86, 46.62, 34.7]
[358, 771, 451];[52.73, 97.37, 22.32]
[158, 946, 875];[50.1, 86.03, 37.93]
[965, 421, 834];[65.32, 15.74, 78.22]
[758, 66, 128];[49.07, 26.28, 89.12]
[749, 37, 427];[64.9, 72.81, 61.88]
[921, 142, 873];[54.82, 14.46, 60.4]
[759, 914, 369];[40.38, 54.61, 47.58]
[104, 831, 334];[47.07, 66.74, 23.05]
[956, 873, 279];[85.39, 59.3, 76.71]
[29, 762, 787];[22.01, 70.02, 52.05]
[880, 759, 795];[20.56, 52.73, 43.84]
[447, 140, 156];[56.06, 22.23, 81.51]
[125, 274, 834];[55.66, 52.33, 81.93]
[426, 893, 101];[16.33, 67.25, 10.1]
[464, 55, 358];[49.26, 63.95, 49.75]
[84, 711, 733];[14.05, 5.33, 79.33]
[780, 752, 923];[81.76, 58.36, 11.51]
[235, 329, 274];[48.95, 76.04, 55.66]
[957, 207, 253];[83.07, 16.62, 60.98]
[21, 22, 951];[94.49, 71.77, 40.8]
[426, 831, 868];[21.18, 67.84, 43.39]
[732, 642, 405];[60.38, 27.73, 68.29]
[145, 446, 215];[56.39, 61.65, 51.98]
[889, 99, 790];[71.89, 44.21, 10.87]
[447, 156, 351];[61.42, 59.09, 68.39]
[47, 149, 77];[68.21, 99.38, 79.9]
[643, 421, 471];[43.71, 24.39, 18.82]
[644, 138, 436];[62.29, 25.37, 72.27]
[885, 871, 341];[42.05, 16.22, 40.36]
[801, 372, 752];[13.87, 72.75, 60.18]
[922, 372, 116];[88.14, 66.85, 40.51]
[475, 476, 235];[17.71, 64.3, 67.08]
[435, 365, 805];[43.47, 33.97, 38.69]
[891, 949, 418];[88.07, 73.36, 84.48]
[219, 891, 359];[34.47, 82.59, 59.82]
[866, 885, 870];[39.67, 34.5, 78.39]
[220, 238, 244];[33.06, 25.29, 53.65]
[645, 995, 559];[45.73, 57.77, 58.37]
[295, 292, 964];[59.28, 7.54, 69.07]
[156, 55, 412];[82.06, 57.88, 68.01]
[29, 755, 73];[22.29, 58.41, 81.88]
[94, 238, 22];[79.05, 34.44, 64.95]
[787, 795, 273];[54.64, 43.14, 60.19]
[463, 362, 920];[49.32, 60.05, 50.26]
[402, 339, 792];[24.21, 10.94, 61.46]
[461, 570, 919];[76.46, 28.06, 64.0]
[798, 100, 471];[69.24, 12.29, 21.09]
[800, 88, 451];[56.67, -0.41, 20.9]
[958, 46, 387];[47.28, 53.08, 38.41]
[146, 178, 799];[56.67, 66.19, 64.68]
[860, 876, 760];[58.82, 58.49, 21.02]
[110, 240, 922];[75.38, 62.05, 75.33]
[294, 928, 878];[96.67, 39.35, 58.46]
[58, 859, 427];[84.66, 3.11, 65.63]
[964, 891, 861];[80.34, 75.7, 52.38]
[831, 695, 135];[64.35, 45.03, 38.02]
[695, 259, 301];[44.68, 33.9, 63.32]
[880, 40, 133];[14.86, 74.85, 17.79]
[273, 329, 94];[85.52, 79.77, 75.35]
[569, 316, 89];[55.99, 35.76, 19.7]
[17, 461, 870];[34.72, 80.48, 78.15]
[792, 957, 113];[57.44, 75.49, 81.51]
[533, 871, 976];[80.31, 11.05, 36.15]
[341, 878, 643];[42.36, 63.39, 51.46]
[964, 32, 945];[80.49, 81.45, 14.21]
[47, 431, 304];[71.87, 38.18, 39.97]
[929, 763, 436];[17.82, 31.48, 77.08]
[472, 254, 775];[90.24, 75.07, 56.96]
[28, 240, 116];[45.22, 58.79, 33.63]
[47, 55, 139];[65.74, 57.88, 66.0]
[797, 788, 923];[75.96, 37.78, 12.05]
[109, 732, 705];[74.04, 51.95, 68.64]
[752, 878, 100];[57.55, 54.47, 12.38]
[454, 445, 172];[16.1, 56.24, 60.47]
[732, 703, 37];[52.12, 63.84, 71.26]
[240, 642, 274];[64.46, 28.17, 55.31]
[179, 896, 732];[66.91, 48.35, 53.11]
[363, 805, 950];[58.92, 33.09, 54.54]
[464, 178, 895];[45.13, 70.85, 52.61]
[957, 956, 227];[86.06, 52.05, 70.03]
[950, 560, 256];[60.34, 47.42, 82.93]
[437, 101, 220];[52.25, 8.33, 44.97]
[159, 83, 40];[84.22, 58.3, 87.69]
[291, 362, 840];[59.67, 64.06, 11.49]
[461, 730, 273];[96.31, 50.89, 79.82]
[294, 291, 17];[80.27, 64.32, 56.59]
[859, 791, 921];[11.19, 38.99, 59.97]
[26, 866, 279];[0.69, 69.91, 73.5]
[777, 842, 859];[18.19, 30.07, 10.02]
[365, 9, 569];[44.31, 48.38, 40.65]
[113, 244, 753];[100.89, 48.87, 34.43]
[402, 890, 251];[15.8, 54.44, 63.44]
[947, 757, 172];[109.69, 32.13, 59.8]
[113, 146, 730];[91.81, 48.52, 50.52]
[20, 883, 757];[57.23, 67.36, 32.11]
[798, 769, 294];[67.37, 80.92, 80.73]
[803, 834, 446];[46.98, 82.29, 54.72]
[928, 786, 929];[38.96, 45.35, 35.73]
[799, 88, 803];[64.4, -8.04, 55.58]
[762, 894, 758];[70.02, 58.0, 41.88]
[471, 316, 9];[21.96, 38.02, 51.74]
[105, 788, 896];[66.57, 37.67, 47.04]
[884, 447, 711];[60.69, 56.72, 8.4]
[733, 461, 135];[76.48, 74.55, 31.3]
[749, 459, 777];[68.91, 44.33, 17.45]
[833, 301, 559];[71.73, 64.07, 59.96]
[67, 773, 402];[39.62, 46.03, 24.76]
[139, 771, 925];[67.38, 102.3, 57.34]
[921, 339, 32];[60.68, 11.15, 99.49]
[207, 27, 791];[14.57, 51.88, 40.76]
[928, 142, 249];[42.67, 19.19, 52.15]
[796, 145, 65];[58.6, 54.94, 39.26]
[46, 766, 17];[25.11, 55.54, 51.31]
[859, 65, 469];[7.91, 33.7, 17.64]
[893, 256, 556];[65.93, 73.09, 38.46]
[533, 892, 17];[88.66, 74.62, 46.14]
[832, 274, 34];[51.63, 59.46, 83.54]
[559, 695, 976];[59.36, 39.27, 35.25]
[859, 749, 763];[1.34, 65.73, 43.94]
[730, 868, 259];[41.42, 50.45, 36.6]
[312, 922, 835];[67.91, 89.53, 45.5]
[790, 970, 403];[9.35, 18.31, 48.9]
[259, 118, 19];[36.38, 19.91, 64.51]
[84, 995, 362];[54.63, 57.99, 43.21]
[942, 703, 338];[71.61, 66.56, 25.44]
[396, 843, 840];[58.14, 76.12, 14.88]
[339, 334, 949];[6.4, 41.05, 12.9]
[207, 839, 771];[7.8, 8.86, 105.93]
[172, 795, 19];[69.48, 38.82, 58.09]
[748, 91, 533];[52.01, 81.05, 69.97]
[165, 771, 878];[56.16, 87.51, 55.06]
[560, 207, 28];[39.14, 16.24, 31.05]
[138, 425, 642];[21.33, 74.1, 31.82]
[751, 149, 839];[56.9, 109.18, 20.2]
[254, 312, 425];[60.96, 62.69, 72.01]
[418, 800, 396];[70.51, 58.79, 50.86]
[53, 748, 304];[36.61, 56.39, 23.53]
[749, 40, 316];[67.37, 85.25, 39.52]
[437, 790, 759];[51.93, 4.53, 54.07]
[291, 116, 276];[72.17, 41.86, 33.0]
[551, 369, 38];[78.52, 61.26, 60.69]
[412, 436, 800];[70.03, 76.86, 53.93]
[882, 66, 773];[41.99, 27.84, 44.15]
[883, 244, 791];[68.1, 47.38, 43.75]
[83, 405, 26];[46.36, 61.39, 13.99]
[421, 955, 327];[24.2, 36.51, 47.56]
[160, 163, 124];[64.16, 55.51, 60.15]
[783, 138, 88];[75.69, 22.63, 3.38]
[372, 780, 23];[66.59, 87.81, 53.98]
[780, 442, 259];[80.54, 20.46, 42.71]
[775, 778, 895];[48.13, 24.76, 45.42]
[464, 559, 259];[41.88, 58.14, 44.21]
[331, 294, 861];[62.25, 77.98, 65.59]
[826, 570, 949];[17.65, 36.98, 34.83]
[801, 11, 101];[21.77, 117.82, 9.31]
[790, 73, 472];[12.82, 79.54, 90.59]
[145, 755, 880];[57.79, 52.22, 22.17]
[839, 387, 8];[31.85, 37.29, 70.46]
[475, 730, 971];[20.09, 37.14, 69.32]
[11, 65, 464];[97.22, 47.93, 50.0]
[972, 871, 957];[62.69, 27.01, 84.49]
[256, 273, 146];[74.71, 59.16, 51.7]
[9, 447, 32];[51.52, 57.72, 97.71]
[343, 88, 65];[54.79, 2.84, 41.32]
[753, 147, 843];[40.08, 42.96, 65.84]
[447, 163, 972];[60.07, 68.1, 67.01]
[124, 261, 87];[63.0, 64.83, 19.32]
[805, 884, 418];[36.72, 61.38, 71.18]
[286, 643, 373];[23.49, 31.37, 44.81]
[768, 156, 803];[12.29, 82.9, 42.31]
[106, 110, 790];[46.84, 65.8, 3.92]
[880, 554, 211];[21.93, 65.92, 66.07]
[362, 958, 874];[56.2, 45.44, 43.06]
[113, 87, 779];[92.85, 20.77, 32.78]
[360, 928, 877];[41.93, 34.79, 35.37]
[158, 840, 459];[78.68, 23.2, 55.0]
[6, 454, 413];[116.13, 3.69, 53.63]
[768, 426, 87];[4.78, 10.35, 22.86]
[418, 956, 559];[53.17, 97.06, 59.36]
[338, 436, 30];[14.44, 71.0, 50.71]
[213, 842, 917];[36.98, 43.75, 25.08]
[773, 213, 110];[26.92, 37.16, 51.94]
[94, 259, 29];[99.31, 47.7, 36.18]
[792, 339, 950];[96.72, -2.98, 53.34]
[402, 803, 29];[20.7, 41.85, 33.86]
[316, 805, 128];[45.16, 39.28, 115.52]
[867, 884, 843];[16.73, 63.88, 81.26]
[695, 554, 131];[23.53, 60.93, 6.9]
[296, 556, 695];[79.25, 35.92, 18.65]
[554, 442, 286];[68.04, 29.99, 30.0]
[145, 561, 788];[45.1, 70.04, 37.72]
[794, 131, 948];[130.41, 23.75, 94.74]
[373, 929, 790];[43.75, 37.61, 13.78]
[604, 755, 447];[3.52, 60.22, 58.08]
[919, 471, 957];[63.81, 20.47, 84.72]
[28, 840, 223];[36.23, 15.83, 61.4]
[149, 760, 751];[103.35, 32.21, 60.34]
[253, 553, 802];[60.43, 46.39, 65.7]
[135, 318, 805];[30.85, 62.83, 37.33]
[133, 925, 554];[11.07, 59.91, 72.59]
[89, 564, 160];[11.58, 104.51, 72.02]
[235, 859, 950];[49.93, 2.62, 44.64]
[801, 841, 374];[12.41, 54.55, 74.98]
[918, 602, 140];[31.24, 54.52, 23.33]
[99, 874, 732];[26.79, 48.84, 51.52]
[165, 604, 84];[57.07, 1.15, 48.5]
[793, 110, 765];[39.55, 67.14, 58.48]
[343, 369, 769];[45.19, 57.79, 62.38]
[362, 757, 133];[55.53, 32.04, 6.34]
[793, 892, 728];[40.53, 66.3, 65.21]
[877, 762, 805];[35.87, 85.12, 37.69]
[799, 425, 172];[69.13, 69.23, 62.18]
[748, 795, 253];[44.58, 39.97, 59.8]
[178, 957, 105];[55.33, 78.92, 80.71]
[553, 418, 238];[38.26, 73.92, 24.81]
[842, 99, 426];[28.17, 25.13, 9.32]
[865, 759, 165];[43.87, 52.58, 58.11]
[871, 732, 839];[6.53, 46.63, 14.33]
[301, 6, 577];[55.05, 88.8, 36.64]
[343, 47, 923];[54.0, 65.74, 12.01]
[251, 858, 695];[69.61, 50.53, 37.65]
[372, 892, 18];[66.19, 85.3, 57.64]
[442, 792, 873];[26.31, 62.47, 59.06]
[793, 946, 338];[38.67, 72.79, 26.41]
[469, 947, 442];[27.59, 70.83, 28.92]
[751, 7, 22];[56.99, 49.1, 64.57]
[259, 216, 73];[51.72, 48.7, 83.71]
[755, 865, 801];[63.89, 57.4, 27.05]
[566, 803, 832];[40.41, 45.07, 54.05]
[920, 83, 925];[50.54, 49.22, 56.58]
[131, 925, 104];[24.17, 46.46, 50.88]
[341, 769, 843];[48.18, 64.96, 67.96]
[261, 338, 754];[72.64, 30.91, 41.31]
[145, 425, 890];[60.36, 75.83, 73.99]
[445, 21, 965];[55.02, 91.59, 66.73]
[436, 779, 425];[72.41, 44.78, 71.47]
[235, 362, 950];[51.28, 58.57, 48.93]
[779, 106, 254];[40.11, 44.04, 82.05]
[801, 116, 47];[16.99, 38.68, 43.09]
[794, 972, 779];[121.4, 72.47, 40.24]
[212, 261, 142];[36.01, 64.84, 17.79]
[421, 922, 895];[23.21, 92.01, 55.9]
[803, 402, 914];[49.41, 12.53, 64.83]
[872, 274, 403];[37.69, 63.8, 59.2]
[890, 106, 919];[89.71, 51.37, 66.24]
[273, 360, 99];[73.4, 58.35, 30.14]
[826, 106, 207];[22.34, 55.22, 18.52]
[160, 560, 929];[79.1, 54.96, 34.69]
[778, 227, 139];[44.06, 69.33, 69.72]
[318, 762, 970];[56.01, 70.02, 32.0]
[907, 17, 338];[41.12, 61.8, 26.01]
[105, 220, 604];[66.36, 47.57, 4.14]
[292, 23, 942];[14.45, 52.22, 52.69]
[793, 369, 21];[35.29, 61.2, 86.28]
[569, 956, 165];[47.43, 48.24, 65.12]
[212, 890, 78];[37.75, 56.59, 42.2]
[950, 22, 150];[45.37, 71.02, 19.95]
[135, 313, 840];[29.45, 63.54, 21.33]
[304, 100, 295];[20.41, 15.5, 62.04]
[875, 748, 249];[36.86, 59.4, 52.53]
[286, 101, 318];[25.0, 19.23, 58.99]
[131, 359, 727];[37.95, 48.33, 84.9]
[249, 78, 365];[53.49, 45.02, 31.87]
[728, 442, 922];[78.66, 21.19, 77.66]
[26, 145, 48];[15.89, 50.25, 67.23]
[976, 47, 896];[41.72, 68.11, 46.21]
[301, 762, 951];[68.61, 74.64, 45.15]
[365, 238, 790];[35.42, 28.0, 17.27]
[777, 165, 27];[17.6, 62.61, 43.2]
[179, 17, 872];[61.3, 50.08, 54.77]
[893, 146, 294];[69.32, 56.3, 83.94]
[8, 733, 58];[77.35, 71.05, 76.3]
[343, 412, 166];[53.96, 77.76, 48.97]
[955, 396, 957];[35.52, 45.03, 87.94]
[976, 8, 26];[36.79, 75.6, 17.2]
[156, 26, 773];[85.65, 17.13, 41.67]
[895, 105, 859];[45.28, 77.79, 10.03]
[792, 342, 948];[82.15, 69.51, 108.65]
[833, 945, 139];[85.3, 17.08, 68.78]
[256, 711, 244];[74.05, 10.0, 43.93]
[471, 896, 261];[22.29, 46.31, 64.77]
[421, 166, 88];[20.62, 45.43, 1.52]
[831, 786, 533];[68.04, 43.81, 73.57]
[29, 703, 304];[24.96, 60.0, 24.76]
[883, 7, 142];[72.79, 49.57, 19.4]
[412, 140, 40];[71.79, 22.03, 87.1]
[66, 475, 472];[27.1, 18.12, 71.18]
[339, 866, 776];[8.84, 59.53, 57.65]
[216, 259, 279];[52.18, 42.46, 78.07]
[73, 728, 99];[75.36, 81.89, 30.74]
[252, 133, 405];[67.1, 13.23, 52.68]
[773, 881, 110];[46.57, 54.61, 64.17]
[37, 17, 461];[76.31, 51.56, 80.93]
[334, 755, 90];[39.72, 68.25, 51.81]
[362, 870, 46];[50.01, 69.75, 41.91]
[931, 564, 26];[79.44, 103.86, 10.39]
[32, 88, 602];[76.73, 3.36, 86.79]
[762, 442, 359];[86.58, 41.52, 43.08]
[604, 150, 947];[1.99, 15.4, 94.09]
[427, 235, 472];[52.29, 47.65, 61.18]
[754, 261, 858];[36.33, 69.76, 57.0]
[892, 560, 866];[41.07, 40.18, 11.03]
[402, 874, 782];[1.17, 61.19, 49.49]
[781, 124, 971];[45.62, 98.76, 91.5]
[925, 795, 752];[55.91, 40.97, 73.19]
[869, 446, 956];[47.75, 70.46, 30.66]
[730, 955, 799];[33.17, -1.05, 25.05]
[426, 273, 956];[23.88, 104.28, 38.54]
[201, 858, 238];[84.13, 48.66, 43.53]
[413, 778, 91];[49.77, 31.95, 81.05]
[891, 475, 995];[72.43, 19.84, 50.56]
[733, 37, 976];[75.61, 70.58, 45.91]
[21, 396, 918];[82.69, 49.01, 28.6]
[454, 179, 867];[15.38, 61.59, 21.03]
[951, 732, 303];[40.92, 50.53, 47.99]
[965, 925, 459];[58.73, 56.35, 44.09]
[8, 564, 292];[69.75, 71.54, 11.02]
[958, 147, 105];[45.96, 29.85, 70.98]
[805, 834, 786];[36.32, 65.25, 50.16]
[749, 124, 800];[65.12, 64.17, 25.38]
[643, 695, 711];[20.03, 36.11, -1.65]
[166, 774, 244];[39.36, 83.81, 37.86]
[955, 216, 860];[36.06, 50.6, 52.39]
[868, 435, 860];[48.72, 26.04, 42.75]
[762, 318, 929];[89.4, 86.03, 31.42]
[885, 972, 602];[36.49, 71.41, 77.07]
[921, 957, 446];[52.2, 82.14, 48.54]
[256, 925, 889];[67.49, 51.37, 77.26]
[763, 256, 454];[45.36, 67.29, 11.27]
[8, 124, 46];[78.47, 57.17, 30.36]
[794, 139, 883];[139.28, 63.29, 51.69]
[341, 220, 559];[45.33, 26.62, 62.8]
[35, 965, 60];[92.8, 40.67, 20.3]
[22, 788, 128];[53.24, 45.59, 111.5]
[563, 372, 212];[96.85, 81.96, 24.73]
[334, 880, 150];[42.3, 25.76, 5.66]
[90, 11, 777];[53.7, 120.78, 25.87]
[421, 929, 403];[13.64, 12.61, 55.74]
[781, 792, 645];[27.79, 79.22, 66.54]
[559, 331, 556];[62.0, 67.31, 35.95]
[22, 769, 876];[64.26, 54.34, 59.14]
[703, 276, 139];[57.56, 33.71, 66.45]
[786, 570, 259];[42.33, 30.2, 51.09]
[116, 445, 476];[41.99, 55.78, 53.93]
[890, 165, 777];[65.4, 58.9, 16.48]
[28, 705, 7];[38.84, 68.38, 49.05]
[921, 695, 358];[59.71, 41.53, 57.93]
[40, 254, 882];[82.4, 70.46, 40.96]
[995, 207, 359];[59.66, 15.44, 48.84]
[733, 789, 387];[67.64, 71.07, 39.39]
[894, 253, 779];[47.81, 58.46, 44.07]
[58, 7, 866];[78.23, 49.35, 50.14]
[768, 801, 32];[11.43, 18.37, 87.82]
[603, 94, 972];[58.72, 80.15, 76.31]
[463, 66, 30];[42.09, 23.68, 25.23]
[78, 113, 84];[39.14, 118.37, 35.55]
[47, 553, 219];[75.2, 52.61, 18.0]
[842, 775, 695];[27.04, 59.97, 41.44]
[30, 907, 942];[25.84, 7.69, 64.75]
[560, 125, 116];[47.74, 52.64, 48.64]
[945, 133, 9];[13.03, 15.91, 53.84]
[369, 732, 331];[65.62, 56.06, 60.55]
[786, 8, 749];[60.4, 70.41, 63.89]
[276, 778, 273];[38.22, 15.6, 112.65]
[35, 147, 116];[85.22, 41.88, 48.19]
[128, 564, 533];[129.7, 98.4, 110.2]
[773, 312, 563];[40.32, 75.7, 89.41]
[569, 55, 235];[55.2, 76.81, 54.44]
[951, 758, 335];[43.87, 47.83, 51.42]
[421, 90, 166];[20.0, 53.71, 44.0]
[160, 779, 870];[66.74, 40.47, 70.92]
[8, 261, 451];[80.18, 64.97, 20.29]
[211, 798, 748];[63.17, 71.84, 54.79]
[163, 18, 567];[65.16, 58.34, 71.96]
[751, 256, 797];[60.9, 75.73, 73.79]
[254, 793, 463];[66.15, 38.62, 52.51]
[238, 759, 880];[32.33, 56.48, 19.83]
[296, 870, 125];[75.22, 64.21, 55.09]
[774, 893, 201];[72.38, 66.66, 63.46]
[329, 22, 791];[75.56, 64.23, 43.54]
[569, 836, 286];[48.06, 60.86, 28.55]
[920, 768, 118];[51.16, 12.55, 36.18]
[805, 749, 945];[30.27, 72.12, 22.96]
[839, 374, 919];[28.23, 85.83, 66.81]
[215, 448, 133];[49.5, 67.82, 14.41]
[36, 695, 145];[49.37, 37.31, 49.77]
[295, 421, 211];[58.0, 28.38, 72.33]
[566, 7, 426];[54.01, 47.05, 21.71]
[958, 437, 172];[58.92, 47.15, 66.27]
[836, 803, 766];[74.31, 43.15, 53.43]
[30, 805, 133];[33.39, 29.64, 18.41]
[7, 758, 359];[46.84, 50.57, 51.87]
[748, 279, 753];[58.36, 87.62, 34.71]
[166, 7, 561];[52.57, 46.48, 70.4]
[564, 781, 252];[113.51, 48.54, 72.69]
[554, 87, 869];[82.48, 30.2, 53.74]
[769, 339, 145];[76.05, 13.63, 59.97]
[577, 65, 893];[61.2, 39.56, 64.18]
[159, 870, 753];[80.93, 68.51, 31.34]
[476, 26, 446];[49.81, 12.04, 70.65]
[140, 955, 885];[21.92, 41.78, 53.58]
[834, 749, 273];[73.34, 66.58, 59.57]
[793, 945, 826];[37.05, 8.34, 9.4]
[146, 158, 17];[51.21, 60.04, 48.08]
[880, 463, 765];[26.22, 48.22, 66.25]
[256, 942, 83];[77.27, 55.76, 49.99]
[894, 965, 554];[47.17, 58.17, 68.43]
[99, 60, 30];[32.68, 30.15, 24.12]
[995, 55, 945];[49.93, 72.92, 11.73]
[396, 602, 972];[51.48, 59.7, 65.72]
[896, 931, 469];[47.52, 65.74, 19.99]
[274, 360, 604];[56.58, 46.88, 6.1]
[774, 374, 919];[73.27, 72.22, 64.11]
[363, 559, 955];[66.24, 61.86, 35.61]
[179, 318, 436];[60.01, 59.64, 70.13]
[831, 882, 560];[62.29, 43.57, 44.47]
[244, 914, 104];[47.35, 60.97, 48.32]
[972, 337, 559];[59.03, 56.91, 59.61]
[789, 775, 965];[70.45, 41.78, 58.38]
[958, 957, 956];[41.43, 83.77, 85.47]
[18, 752, 261];[55.14, 55.95, 66.54]
[928, 36, 365];[46.21, 47.4, 36.62]
[291, 569, 94];[69.79, 49.41, 98.7]
[369, 94, 335];[62.14, 90.24, 57.64]
[53, 276, 149];[60.95, 25.8, 110.02]
[884, 533, 160];[62.31, 95.74, 96.63]
[796, 871, 138];[45.39, 8.33, 27.31]
[566, 211, 296];[31.17, 92.76, 93.38]
[918, 94, 867];[26.83, 81.91, 7.16]
[238, 343, 403];[34.01, 54.0, 54.01]
[840, 755, 553];[17.67, 58.51, 46.17]
[335, 18, 106];[60.23, 57.59, 46.15]
[914, 889, 765];[40.05, 59.36, 67.37]
[211, 876, 295];[63.95, 58.58, 58.86]
[142, 83, 798];[20.1, 47.32, 70.85]
[142, 201, 566];[19.83, 61.95, 39.01]
[373, 929, 472];[44.47, 38.73, 71.56]
[244, 109, 748];[46.8, 75.11, 55.92]
[135, 789, 40];[31.59, 75.58, 83.75]
[891, 215, 841];[72.81, 51.38, 71.04]
[873, 922, 831];[63.15, 78.86, 66.37]
[777, 760, 320];[13.34, 32.39, 55.34]
[402, 918, 442];[24.48, 28.97, 20.33]
[751, 396, 695];[59.65, 51.54, 36.74]
[775, 402, 643];[46.65, 23.56, 31.22]
[238, 251, 128];[25.27, 69.75, 83.97]
[869, 873, 67];[44.75, 55.0, 35.5]
[561, 90, 412];[77.59, 50.17, 65.31]
[958, 223, 66];[40.1, 54.35, 28.03]
[387, 867, 643];[30.46, 2.29, 29.07]
[965, 244, 373];[64.96, 51.23, 42.95]
[255, 957, 77];[45.48, 86.37, 72.49]
[445, 303, 551];[58.19, 43.41, 64.05]
[951, 451, 172];[39.08, 15.97, 61.09]
[251, 387, 891];[72.32, 27.31, 66.76]
[335, 254, 342];[54.33, 48.96, 65.8]
[801, 276, 135];[30.43, 29.33, 12.75]
[778, 730, 35];[27.57, 44.47, 83.7]
[78, 223, 861];[38.87, 45.91, 46.22]
[801, 949, 374];[32.0, 50.02, 67.99]
[753, 254, 840];[35.95, 62.4, 26.15]
[304, 363, 99];[25.24, 65.49, 30.98]
[563, 786, 358];[74.66, 42.67, 53.13]
[65, 883, 755];[48.31, 72.56, 64.86]
[403, 945, 60];[57.56, 29.39, 32.75]
[362, 790, 843];[62.39, 5.31, 67.06]
[178, 212, 773];[61.24, 33.7, 43.26]
[958, 7, 769];[42.44, 48.18, 52.25]
[334, 286, 796];[24.12, 33.86, 62.1]
[437, 775, 891];[50.73, 44.32, 71.71]
[235, 942, 28];[48.32, 61.8, 25.29]
[36, 777, 554];[55.31, 11.4, 65.66]
[295, 37, 113];[56.28, 70.36, 88.36]
[94, 840, 831];[80.69, 25.12, 65.47]
[2, 118, 27];[76.62, 31.65, 60.65]
[922, 931, 766];[70.36, 75.56, 44.19]
[778, 279, 131];[32.62, 69.63, 10.61]
[748, 38, 958];[43.79, 60.01, 40.57]
[782, 316, 882];[40.6, 41.13, 42.54]
[223, 802, 26];[53.4, 69.48, 5.15]
[273, 447, 253];[48.09, 61.43, 65.13]
[836, 533, 359];[48.96, 66.64, 54.86]
[100, 791, 956];[8.07, 35.97, 88.14]
[30, 279, 261];[44.0, 71.74, 43.45]
[23, 351, 316];[62.82, 67.77, 45.31]
[451, 995, 865];[21.63, 39.28, 52.38]
[291, 28, 861];[71.07, 24.9, 97.4]
[533, 158, 885];[63.5, 52.28, 50.77]
[448, 951, 296];[69.13, 26.51, 75.4]
[316, 32, 917];[37.92, 99.95, 32.0]
[875, 789, 890];[38.18, 76.86, 56.76]
[783, 472, 773];[78.59, 67.14, 44.66]
[970, 342, 889];[27.23, 71.51, 58.63]
[133, 928, 32];[11.67, 43.96, 89.22]
[754, 421, 949];[39.42, 19.3, 40.18]
[559, 235, 40];[59.1, 53.9, 70.95]
[48, 211, 730];[64.08, 67.2, 51.87]
[925, 777, 256];[55.15, 15.47, 80.97]
[295, 392, 929];[56.24, 50.72, 33.2]
[885, 769, 797];[41.7, 64.71, 65.11]
[312, 249, 733];[64.82, 53.86, 72.52]
[163, 773, 759];[70.54, 36.5, 67.63]
[778, 227, 435];[16.94, 74.15, 40.47]
[880, 894, 156];[17.7, 51.04, 92.55]
[90, 834, 131];[52.1, 64.21, 27.38]
[776, 362, 970];[65.34, 66.52, 6.59]
[945, 955, 561];[10.53, 27.71, 61.86]
[826, 140, 878];[-9.94, 26.57, 46.15]
[928, 403, 303];[30.24, 40.32, 45.39]
[603, 426, 472];[71.91, 24.66, 103.11]
[793, 775, 896];[24.5, 47.83, 35.74]
[965, 872, 138];[47.2, 27.85, 33.4]
[139, 464, 749];[69.3, 18.4, 56.37]
[965, 925, 831];[32.12, 44.07, 38.17]
[995, 858, 55];[79.4, 43.79, 90.22]
[459, 995, 836];[54.52, 82.63, 36.98]
[215, 426, 895];[53.5, 18.08, 36.37]
[840, 421, 131];[2.42, 12.41, 33.14]
[789, 17, 843];[55.55, 37.41, 58.38]
[964, 343, 766];[54.13, 54.0, 54.02]
[163, 833, 313];[66.66, 69.72, 58.52]
[958, 758, 922];[42.61, 42.72, 73.22]
[28, 421, 567];[33.65, 21.2, 72.6]
[942, 782, 826];[54.93, 37.09, 25.85]
[445, 733, 286];[55.6, 74.02, 28.62]
[553, 29, 360];[48.43, 22.28, 52.36]
[762, 958, 749];[70.47, 41.73, 67.88]
[17, 554, 866];[60.16, 71.79, 57.89]
[88, 803, 644];[1.27, 43.16, 64.28]
[889, 948, 37];[67.28, 97.09, 72.38]
[893, 274, 19];[65.37, 58.25, 70.79]
[533, 842, 47];[83.05, 37.98, 69.25]
[104, 732, 301];[51.71, 55.2, 68.55]
[279, 730, 312];[65.92, 45.86, 71.35]
[253, 461, 38];[56.44, 82.29, 60.5]
[65, 642, 159];[45.95, 34.41, 77.99]
[956, 564, 757];[57.6, 92.42, 31.45]
[178, 294, 28];[72.12, 79.9, 48.18]
[363, 893, 921];[86.5, 64.9, 68.97]
[105, 560, 778];[60.43, 35.72, 46.26]
[896, 878, 435];[52.3, 60.78, 42.23]
[100, 463, 972];[9.8, 66.3, 60.52]
[570, 286, 560];[37.17, 27.38, 7.23]
[165, 920, 918];[88.65, 47.22, 30.42]
[149, 775, 896];[131.64, 44.38, 54.74]
[342, 859, 945];[87.8, 17.57, 41.21]
[387, 836, 331];[32.21, 72.18, 51.73]
[841, 301, 891];[70.82, 77.19, 71.65]
[751, 873, 553];[79.46, 79.66, 52.2]
[869, 17, 318];[46.33, 61.99, 56.01]
[831, 150, 20];[66.56, 21.83, 65.67]
[834, 329, 251];[76.53, 72.17, 65.47]
[895, 826, 91];[50.39, 15.07, 75.46]
[301, 604, 471];[61.07, 4.24, 20.14]
[995, 27, 37];[53.07, 34.99, 63.27]
[84, 705, 22];[20.11, 66.63, 66.2]
[448, 567, 27];[70.79, 71.12, 34.8]
[942, 172, 77];[59.83, 64.64, 73.17]
[760, 94, 291];[34.97, 76.93, 63.83]
[413, 435, 37];[56.97, 35.12, 47.47]
[249, 255, 787];[57.57, 59.3, 58.35]
[23, 89, 454];[52.12, 16.98, 19.93]
[249, 88, 113];[59.72, -0.3, 97.45]
[765, 917, 942];[76.01, 23.59, 64.81]
[833, 446, 958];[74.88, 53.08, 52.61]
[896, 163, 113];[57.08, 76.18, 102.55]
[958, 442, 604];[57.08, 34.49, 6.99]
[140, 66, 339];[31.87, 32.9, 5.96]
[47, 602, 254];[83.6, 57.78, 68.67]
[276, 929, 128];[42.74, 37.41, 95.07]
[564, 861, 84];[51.12, 87.24, 40.79]
[318, 472, 358];[80.45, 73.09, 58.72]
[755, 207, 893];[67.19, 18.89, 62.37]
[427, 892, 369];[53.6, 90.99, 65.87]
[9, 564, 286];[47.59, 43.74, 18.36]
[754, 919, 291];[32.67, 95.32, 49.07]
[91, 569, 970];[67.36, 62.65, 20.0]
[124, 8, 561];[84.98, 64.92, 53.87]
[835, 711, 459];[34.82, -21.38, 45.84]
[603, 859, 139];[66.02, 20.0, 66.0]
[149, 791, 942];[109.62, 37.07, 52.29]
[752, 286, 884];[56.61, 29.16, 59.75]
[603, 99, 279];[64.99, 33.52, 69.42]
[602, 104, 316];[56.46, 49.76, 38.54]
[842, 139, 711];[38.33, 68.25, 31.85]
[447, 964, 99];[57.44, 59.36, 33.55]
[36, 274, 405];[54.73, 54.56, 66.04]
[733, 843, 778];[71.81, 62.41, 33.44]
[965, 327, 762];[63.67, 59.85, 69.98]
[843, 769, 869];[63.29, 63.61, 45.82]
[777, 753, 421];[14.51, 31.34, 17.24]
[976, 418, 771];[42.7, 80.84, 97.69]
[36, 22, 334];[52.55, 68.67, 31.42]
[142, 957, 179];[19.24, 85.38, 64.13]
[762, 334, 783];[65.96, 32.25, 75.75]
[779, 861, 762];[44.3, 35.86, 65.75]
[40, 842, 392];[80.99, 35.55, 49.34]
[733, 11, 759];[63.5, 126.24, 57.86]
[964, 890, 2];[46.48, 55.69, 83.85]
[304, 931, 749];[26.19, 55.14, 66.96]
[60, 135, 8];[19.01, 24.86, 74.31]
[318, 138, 133];[64.73, 22.8, 10.9]
[461, 732, 201];[86.8, 62.18, 80.09]
[90, 802, 331];[54.72, 68.91, 61.68]
[90, 27, 971];[54.48, 32.91, 71.53]
[131, 748, 567];[15.9, 61.38, 70.31]
[2, 748, 374];[70.96, 62.61, 97.75]
[788, 253, 831];[51.76, 64.69, 56.03]
[158, 755, 26];[79.45, 49.26, 4.96]
[894, 602, 65];[58.0, 53.95, 47.93]
[125, 780, 569];[54.3, 80.49, 48.55]
[776, 642, 792];[53.34, 31.61, 61.49]
[320, 426, 9];[56.1, 15.99, 51.21]
[760, 789, 893];[28.03, 77.07, 68.18]
[104, 84, 755];[50.79, 13.57, 58.77]
[110, 84, 142];[70.52, 13.45, 19.32]
[799, 316, 292];[75.44, 39.51, 13.29]
[138, 762, 884];[21.96, 68.29, 60.49]
[920, 84, 762];[50.75, 18.62, 68.06]
[359, 445, 748];[47.21, 55.57, 60.86]
[40, 90, 907];[80.21, 54.3, 47.2]
[53, 645, 412];[38.49, 48.32, 76.38]
[461, 351, 883];[79.06, 64.66, 65.2]
[768, 644, 956];[11.35, 63.63, 58.49]
[894, 418, 881];[48.72, 74.63, 58.49]
[301, 106, 73];[67.99, 44.54, 77.97]
[212, 36, 732];[40.98, 46.36, 56.71]
[20, 139, 207];[61.96, 64.08, 12.03]
[564, 238, 791];[108.62, 34.39, 41.98]
[561, 312, 839];[65.15, 63.73, 19.35]
[885, 60, 426];[31.25, 30.81, 16.87]
[36, 316, 55];[27.85, 39.52, 92.33]
[425, 946, 970];[69.65, 75.66, 0.52]
[165, 109, 29];[97.18, 74.43, 33.81]
[67, 602, 446];[36.14, 72.74, 55.44]
[253, 339, 35];[59.61, 12.71, 91.27]
[922, 776, 896];[87.27, 39.67, 39.14]
[533, 471, 798];[78.22, 11.56, 61.96]
[919, 875, 140];[55.3, 38.05, 19.32]
[956, 950, 923];[54.0, 43.84, 12.01]
[418, 570, 762];[67.57, 39.29, 70.3]
[156, 163, 113];[81.61, 69.69, 80.7]
[755, 138, 413];[57.81, 20.7, 50.78]
[36, 878, 26];[52.67, 55.77, 12.15]
[892, 889, 923];[86.33, 61.36, 13.1]
[274, 859, 885];[55.68, 16.98, 54.03]
[447, 782, 972];[56.98, 38.63, 62.09]
[362, 207, 946];[59.99, 15.33, 79.82]
[360, 58, 351];[47.54, 90.42, 75.5]
[880, 798, 872];[22.05, 79.62, 38.77]
[891, 769, 436];[74.88, 58.7, 70.26]
[956, 8, 875];[66.02, 80.86, 33.54]
[873, 87, 67];[68.57, 14.08, 45.86]
[797, 372, 868];[80.79, 67.83, 39.84]
[341, 577, 768];[48.74, 62.34, 1.26]
[105, 951, 374];[72.57, 30.17, 93.26]
[917, 792, 105];[23.31, 54.18, 72.59]
[104, 105, 551];[52.37, 66.05, 64.6]
[303, 40, 101];[42.25, 85.59, 19.05]
[559, 18, 304];[70.69, 64.33, 32.33]
[20, 782, 841];[47.09, 41.79, 66.58]
[65, 769, 47];[21.01, 63.08, 83.6]
[645, 34, 787];[50.18, 75.46, 66.59]
[207, 19, 83];[18.6, 46.89, 65.42]
[728, 907, 140];[84.6, 15.04, 32.94]
[894, 448, 859];[33.79, 76.92, -3.38]
[459, 795, 564];[55.1, 39.96, 64.74]
[861, 40, 787];[82.78, 54.76, 76.52]
[437, 801, 570];[49.64, -3.2, 58.56]
[833, 46, 955];[69.04, 36.77, 42.0]
[156, 255, 920];[82.14, 46.68, 50.61]
[159, 895, 869];[80.34, 52.04, 47.04]
[914, 227, 436];[40.96, 66.04, 67.55]
[18, 893, 337];[57.42, 67.76, 59.44]
[805, 106, 777];[33.05, 47.92, 18.75]
[859, 124, 369];[19.11, 64.5, 61.91]
[922, 150, 149];[79.87, 22.0, 107.51]
[101, 727, 454];[9.18, 90.48, 15.23]
[705, 133, 255];[65.98, 14.92, 53.88]
[839, 859, 261];[24.59, 19.83, 70.74]
[448, 949, 128];[67.03, 54.42, 97.66]
[475, 877, 733];[20.63, 44.58, 70.43]
[19, 799, 178];[70.01, 70.83, 67.87]
[950, 834, 274];[47.79, 69.35, 58.95]
[8, 795, 312];[70.41, 41.52, 70.19]
[832, 341, 805];[49.0, 42.17, 38.84]
[801, 771, 100];[22.84, 110.07, 14.61]
[77, 454, 426];[75.05, 18.92, 22.55]
[876, 771, 957];[62.15, 93.8, 77.69]
[893, 207, 58];[63.82, 17.7, 76.3]
[472, 925, 792];[69.39, 66.4, 73.39]
[276, 149, 99];[39.03, 89.31, 28.83]
[878, 99, 711];[64.74, 27.61, 40.16]
[396, 216, 878];[68.33, 61.07, 65.35]
[832, 138, 454];[42.19, 24.4, 18.43]
[603, 373, 560];[55.58, 40.11, 62.21]
[894, 794, 602];[38.6, 115.06, 58.12]
[748, 475, 374];[58.5, 12.52, 82.85]
[365, 773, 426];[32.09, 48.05, 20.48]
[146, 469, 645];[51.83, 28.0, 30.07]
[447, 776, 418];[56.16, 53.77, 68.47]
[794, 884, 392];[129.96, 60.69, 46.37]
[840, 858, 896];[22.68, 52.24, 47.02]
[292, 569, 836];[14.46, 45.92, 52.91]
[211, 369, 418];[61.75, 63.51, 68.21]
[882, 703, 461];[43.27, 65.68, 75.87]
[794, 907, 754];[120.66, 56.7, 38.88]
[37, 792, 841];[70.14, 69.25, 62.16]
[435, 36, 831];[41.04, 49.5, 62.28]
[145, 918, 135];[57.66, 30.51, 35.61]
[776, 780, 955];[31.71, 83.32, 34.21]
[642, 753, 150];[35.07, 35.9, 22.5]
[442, 88, 116];[28.41, 1.52, 41.06]
[889, 99, 292];[72.63, 33.64, 14.05]
[759, 841, 19];[63.52, 60.72, 75.57]
[436, 797, 365];[70.18, 68.68, 36.46]
[867, 48, 942];[14.73, 71.87, 55.29]
[22, 211, 566];[72.0, 67.31, 43.3]
[976, 797, 274];[37.04, 68.4, 62.12]
[35, 312, 240];[85.36, 69.8, 67.28]
[448, 94, 216];[81.1, 81.24, 45.56]
[964, 945, 89];[60.07, 12.92, 16.88]
[757, 866, 178];[38.24, 45.55, 81.0]
[253, 563, 795];[60.31, 90.75, 47.39]
[922, 920, 948];[96.9, 50.78, 116.54]
[100, 138, 871];[9.61, 26.24, 16.74]
[833, 244, 929];[86.77, 63.22, 35.09]
[403, 783, 286];[62.46, 81.08, 15.75]
[602, 418, 163];[76.9, 73.22, 62.04]
[791, 259, 951];[36.08, 51.86, 40.03]
[17, 253, 834];[61.18, 59.25, 80.83]
[87, 138, 604];[22.08, 20.32, 4.07]
[947, 365, 801];[72.81, 32.73, 26.94]
[754, 931, 604];[39.53, 64.07, 4.1]
[131, 133, 792];[22.99, 12.14, 62.59]
[551, 405, 948];[76.08, 63.33, 106.01]
[802, 602, 795];[66.26, 54.77, 43.73]
[794, 159, 135];[121.17, 79.13, 29.19]
[923, 445, 921];[13.41, 59.24, 68.91]
[109, 240, 100];[78.19, 62.81, 13.17]
[563, 787, 839];[85.95, 52.9, 11.17]
[67, 213, 859];[40.41, 41.31, 7.87]
[19, 925, 276];[66.61, 60.09, 34.85]
[34, 727, 87];[96.67, 93.7, 28.3]
[569, 145, 561];[44.07, 52.87, 62.85]
[446, 259, 917];[46.58, 38.19, 16.17]
[461, 762, 602];[90.8, 84.12, 66.28]
[914, 703, 149];[57.33, 67.04, 83.05]
[249, 732, 363];[62.81, 58.61, 103.65]
[131, 11, 841];[8.43, 80.6, 36.51]
[946, 645, 733];[99.01, 54.14, 35.3]
[212, 749, 442];[40.79, 73.83, 45.23]
[125, 235, 296];[55.59, 64.04, 77.16]
[459, 91, 329];[52.43, 52.87, 94.32]
[877, 836, 775];[41.45, 82.15, 66.96]
[891, 965, 100];[79.97, 28.28, 3.02]
[748, 437, 763];[84.51, 51.2, 23.26]
[387, 87, 779];[47.76, 28.27, 20.32]
[337, 877, 755];[64.4, 12.98, 75.73]
[778, 878, 751];[31.95, 54.67, 56.02]
[472, 602, 142];[66.33, 54.22, 20.06]
[965, 253, 780];[69.46, 59.4, 81.35]
[342, 335, 207];[72.16, 61.52, 16.58]
[755, 334, 274];[59.08, 30.77, 52.39]
[705, 89, 118];[70.12, 15.3, 31.12]
[46, 201, 768];[42.73, 59.5, 14.78]
[885, 53, 842];[54.05, 35.94, 38.65]
[945, 291, 925];[22.52, 66.27, 58.92]
[836, 286, 454];[50.96, 29.4, 18.5]
[6, 48, 118];[94.74, 69.68, 19.09]
[461, 890, 101];[83.23, 51.96, 12.3]
[159, 402, 965];[79.76, 23.46, 66.13]
[261, 775, 48];[67.61, 44.2, 72.86]
[732, 947, 294];[60.66, 84.66, 75.75]
[435, 256, 840];[37.76, 83.92, 13.99]
[9, 749, 894];[49.32, 62.91, 54.56]
[566, 841, 251];[35.98, 61.73, 72.92]
[412, 795, 942];[69.31, 40.2, 56.17]
[796, 833, 792];[55.37, 76.06, 82.35]
[372, 755, 958];[66.28, 56.31, 36.63]
[559, 435, 261];[58.9, 42.07, 76.59]
[461, 749, 872];[67.58, 57.55, 34.86]
[67, 149, 296];[33.41, 104.99, 83.02]
[91, 554, 733];[73.4, 72.12, 73.75]
[958, 749, 165];[41.68, 62.49, 57.68]
[124, 316, 533];[58.28, 35.03, 87.08]
[786, 145, 789];[56.7, 61.32, 72.67]
[865, 643, 274];[47.81, 26.52, 62.41]
[244, 67, 872];[44.46, 43.16, 31.21]
[343, 211, 179];[54.0, 62.12, 68.0]
[860, 945, 201];[44.13, 19.76, 58.53]
[919, 773, 840];[64.21, 44.0, 16.75]
[244, 318, 19];[44.87, 58.03, 70.59]
[931, 338, 945];[74.04, 25.77, 18.67]
[84, 337, 907];[14.49, 59.7, 42.58]
[160, 921, 147];[67.93, 60.65, 40.23]
[602, 249, 711];[59.75, 52.88, 2.74]
[91, 178, 760];[74.95, 64.97, 28.86]
[211, 448, 106];[65.56, 77.09, 48.36]
[950, 46, 889];[47.46, 36.4, 64.84]
[27, 834, 431];[37.21, 70.07, 38.92]
[213, 802, 304];[42.03, 59.84, 22.94]
[313, 274, 782];[65.2, 57.21, 44.86]
[836, 917, 872];[49.14, 17.29, 42.75]
[753, 109, 792];[36.19, 82.77, 74.2]
[88, 426, 780];[-0.69, 22.54, 79.23]
[703, 464, 873];[70.21, 33.48, 72.04]
[950, 773, 995];[54.72, 51.13, 55.43]
[159, 37, 476];[68.82, 63.0, 63.12]
[893, 240, 335];[69.42, 62.39, 65.56]
[645, 142, 445];[19.99, 14.43, 56.24]
[730, 567, 159];[48.29, 67.69, 70.97]
[360, 956, 125];[63.66, 63.15, 72.12]
[461, 794, 238];[94.18, 119.94, 20.64]
[892, 40, 67];[72.69, 71.46, 47.38]
[8, 19, 2];[60.03, 59.51, 73.16]
[179, 758, 951];[39.03, 40.93, 12.69]
[351, 891, 890];[76.69, 89.84, 65.26]
[448, 914, 976];[72.11, 55.12, 17.17]
[951, 172, 91];[40.03, 59.98, 81.05]
[873, 94, 83];[57.08, 79.01, 45.9]
[91, 781, 286];[72.92, 36.14, 29.94]
[703, 472, 461];[57.96, 67.83, 72.15]
[106, 84, 219];[46.12, -3.71, 33.53]
[7, 47, 893];[49.56, 66.88, 68.83]
[786, 53, 99];[50.15, 36.21, 33.12]
[732, 870, 554];[62.9, 70.13, 71.1]
[20, 166, 215];[66.89, 47.69, 51.63]
[90, 77, 17];[51.88, 79.35, 53.43]
[894, 560, 561];[48.99, 39.27, 65.35]
[472, 454, 215];[75.11, 13.57, 51.33]
[695, 2, 928];[39.27, 58.03, 43.37]
[46, 335, 2];[39.34, 59.26, 55.56]
[104, 733, 47];[50.93, 60.05, 68.47]
[227, 9, 46];[81.83, 44.94, 38.4]
[733, 313, 563];[61.16, 64.56, 75.89]
[805, 755, 727];[34.2, 66.29, 99.94]
[790, 868, 150];[14.22, 45.04, 26.17]
[18, 213, 732];[51.56, 34.16, 60.45]
[569, 471, 777];[52.0, 16.78, 37.11]
[779, 928, 645];[39.05, 41.67, 27.07]
[758, 464, 775];[44.96, 37.05, 65.91]
[223, 778, 252];[81.47, 43.89, 85.62]
[755, 965, 286];[65.29, 57.14, 15.72]
[435, 138, 292];[43.95, 29.05, 6.52]
[942, 931, 867];[59.89, 69.7, 12.56]
[279, 207, 773];[72.51, 7.56, 40.02]
[223, 26, 554];[84.09, 10.05, 60.07]
[436, 104, 602];[67.02, 50.06, 70.1]
[921, 359, 11];[60.04, 41.95, 97.22]
[244, 40, 165];[44.36, 81.41, 55.01]
[950, 793, 104];[46.17, 37.58, 51.95]
[471, 27, 351];[21.19, 49.35, 68.16]
[447, 870, 23];[60.07, 75.04, 57.97]
[873, 778, 841];[59.31, 42.87, 69.16]
[22, 946, 469];[64.79, 85.78, 22.36]
[320, 766, 976];[63.33, 49.51, 44.01]
[559, 798, 253];[61.82, 66.4, 70.23]
[753, 836, 435];[41.59, 54.07, 39.41]
[253, 771, 786];[55.89, 112.14, 42.31]
[779, 78, 971];[44.8, 45.41, 74.76]
[769, 145, 341];[64.96, 49.56, 45.32]
[931, 766, 360];[66.78, 46.57, 46.94]
[255, 8, 254];[61.57, 73.7, 66.29]
[787, 942, 788];[62.29, 62.26, 59.57]
[748, 259, 23];[49.91, 41.8, 61.47]
[158, 116, 9];[61.52, 42.34, 50.07]
[329, 799, 858];[79.79, 72.8, 57.33]
[252, 790, 90];[53.96, 4.0, 54.28]
[773, 768, 876];[46.37, 5.12, 68.26]
[469, 94, 301];[16.77, 78.36, 48.77]
[554, 793, 551];[74.82, 42.03, 67.19]
[343, 201, 931];[54.91, 71.18, 65.13]
[30, 840, 20];[35.76, 22.15, 66.82]
[757, 261, 766];[34.76, 58.51, 52.46]
[865, 436, 920];[58.83, 83.39, 45.88]
[227, 752, 338];[84.0, 70.2, 15.77]
[227, 753, 166];[75.81, 40.32, 46.39]
[896, 207, 733];[48.67, 9.29, 79.91]
[402, 201, 160];[25.99, 58.91, 66.0]
[459, 791, 757];[45.3, 36.32, 35.87]
[802, 88, 110];[73.38, 1.23, 70.61]
[896, 841, 7];[46.97, 69.4, 49.66]
[110, 459, 604];[72.3, 39.44, 3.21]
[563, 159, 779];[77.08, 78.68, 39.16]
[834, 365, 89];[77.7, 33.89, 13.72]
[464, 316, 405];[42.33, 42.98, 60.01]
[47, 338, 448];[68.77, 23.14, 75.29]
[19, 763, 732];[67.85, 53.08, 48.88]
[135, 343, 273];[33.21, 53.82, 67.07]
[334, 776, 551];[35.47, 56.44, 79.68]
[945, 166, 19];[10.4, 41.37, 64.74]
[104, 337, 37];[48.88, 64.32, 68.47]
[604, 425, 644];[1.17, 70.08, 62.41]
[436, 867, 801];[73.97, 14.12, 14.44]
[138, 645, 133];[21.68, 26.71, 7.84]
[835, 124, 889];[46.37, 66.25, 66.03]
[372, 446, 891];[82.03, 56.47, 71.58]
[276, 150, 749];[31.14, 13.66, 65.39]
[343, 46, 868];[49.14, 25.23, 44.46]
[563, 138, 971];[85.38, 21.96, 69.44]
[178, 970, 533];[67.43, 15.19, 85.6]
[142, 942, 116];[11.5, 65.96, 41.53]
[771, 860, 843];[106.91, 66.31, 66.31]
[374, 73, 35];[80.54, 72.9, 99.53]
[869, 891, 46];[50.89, 72.27, 22.26]
[602, 757, 396];[49.32, 31.39, 51.46]
[255, 145, 796];[53.9, 51.89, 48.96]
[970, 753, 946];[13.19, 34.5, 87.57]
[928, 783, 751];[43.96, 78.63, 56.02]
[533, 291, 802];[70.82, 61.86, 74.02]
[642, 463, 110];[29.53, 51.12, 67.09]
[124, 730, 116];[64.53, 47.22, 42.26]
[37, 392, 65];[70.37, 47.78, 45.77]
[929, 396, 255];[38.04, 49.93, 50.63]
[945, 703, 931];[16.71, 61.42, 66.17]
[178, 877, 40];[63.56, 41.93, 77.15]
[358, 303, 146];[53.2, 48.2, 48.95]
[163, 343, 178];[63.56, 52.76, 67.0]
[703, 749, 918];[62.76, 66.97, 30.78]
[793, 65, 118];[39.33, 31.64, 11.79]
[11, 787, 842];[101.22, 63.41, 25.79]
[201, 923, 839];[73.92, 10.1, 10.01]
[769, 705, 841];[66.35, 70.05, 59.98]
[22, 412, 341];[67.23, 66.29, 41.56]
[403, 873, 273];[45.25, 74.7, 71.07]
[396, 451, 788];[47.43, 19.86, 37.47]
[877, 842, 138];[42.96, 27.47, 25.03]
[83, 301, 426];[55.76, 67.89, 23.34]
[65, 802, 255];[27.4, 56.4, 45.34]
[942, 320, 179];[59.16, 63.0, 51.39]
[928, 885, 26];[41.77, 37.99, 15.89]
[166, 253, 794];[54.45, 57.27, 112.97]
[261, 919, 950];[74.05, 56.97, 52.59]
[970, 645, 124];[12.52, 25.17, 57.21]
[914, 327, 48];[60.27, 52.25, 59.69]
[65, 19, 774];[16.59, 60.03, 72.28]
[301, 727, 244];[71.61, 123.74, 60.7]
[179, 22, 159];[48.61, 54.2, 68.97]
[776, 476, 866];[53.86, 49.81, 61.09]
[775, 274, 956];[44.03, 51.94, 53.64]
[274, 695, 212];[52.31, 37.02, 37.51]
[318, 11, 907];[69.53, 112.51, 53.25]
[733, 877, 255];[72.8, 38.02, 51.85]
[142, 645, 32];[21.07, 47.07, 103.62]
[84, 553, 106];[26.85, 45.7, 45.48]
[256, 733, 23];[77.11, 64.0, 65.21]
[140, 889, 859];[37.48, 54.34, 7.47]
[798, 172, 369];[67.0, 61.33, 49.29]
[23, 442, 331];[65.08, 43.11, 58.57]
[560, 21, 881];[44.39, 72.62, 58.28]
[110, 365, 55];[71.17, 30.87, 85.13]
[777, 826, 872];[19.77, 4.76, 42.32]
[878, 313, 159];[55.38, 62.83, 73.63]
[292, 29, 730];[27.29, 24.79, 50.96]
[412, 387, 553];[75.31, 43.56, 47.2]
[922, 244, 732];[81.28, 40.0, 46.31]
[78, 105, 949];[32.78, 82.11, 47.35]
[577, 860, 642];[52.77, 65.23, 11.31]
[244, 797, 303];[23.82, 62.87, 52.98]
[165, 459, 563];[57.96, 47.58, 75.46]
[792, 471, 757];[74.47, 7.94, 35.59]
[412, 843, 358];[64.18, 113.51, 49.36]
[882, 792, 405];[40.93, 66.67, 54.95]
[877, 253, 101];[16.49, 68.99, 4.81]
[551, 577, 29];[67.68, 58.46, 21.01]
[133, 55, 733];[-8.69, 81.66, 71.77]
[727, 256, 207];[107.63, 68.22, -4.46]
[412, 139, 928];[60.52, 71.45, 34.21]
[792, 554, 776];[58.05, 68.04, 53.86]
[923, 26, 53];[12.01, 12.24, 31.32]
[956, 730, 150];[53.38, 46.41, 21.63]
[442, 795, 471];[26.25, 43.43, 21.04]
[163, 53, 28];[65.61, 31.38, 32.7]
[569, 907, 871];[45.16, 30.96, 26.35]
[447, 149, 48];[55.01, 103.2, 65.17]
[362, 768, 89];[56.74, 10.24, 13.43]
[365, 425, 23];[34.42, 71.55, 52.4]
[396, 469, 797];[45.71, 24.48, 75.81]
[475, 554, 759];[15.5, 66.11, 61.88]
[215, 755, 603];[51.67, 54.99, 59.78]
[365, 55, 877];[37.65, 70.51, 42.11]
[149, 749, 781];[101.5, 62.24, 33.54]
[211, 27, 995];[77.19, 57.32, 58.08]
[454, 159, 758];[8.5, 85.96, 41.58]
[533, 442, 471];[90.61, 40.78, 10.32]
[91, 551, 781];[73.69, 79.63, 32.24]
[759, 21, 156];[60.37, 89.74, 80.27]
[891, 387, 131];[70.85, 35.06, 23.0]
[437, 643, 469];[51.1, 25.58, 13.28]
[65, 870, 387];[36.84, 69.01, 36.57]
[286, 341, 561];[20.76, 37.69, 66.9]
[463, 559, 213];[40.14, 56.52, 35.84]
[53, 212, 774];[56.12, 37.47, 80.33]
[948, 78, 919];[113.54, 35.84, 61.86]
[20, 964, 412];[55.16, 62.83, 61.85]
[883, 841, 313];[66.98, 86.36, 67.82]
[128, 213, 160];[120.32, 26.88, 86.13]
[728, 790, 113];[64.34, -5.87, 103.91]
[337, 418, 99];[59.65, 67.33, 34.0]
[448, 833, 235];[72.43, 69.8, 46.16]
[2, 800, 38];[71.37, 62.64, 56.67]
[603, 238, 252];[65.44, 32.9, 60.12]
[533, 109, 971];[73.64, 73.88, 70.96]
[602, 116, 970];[59.81, 40.97, 30.1]
[142, 929, 884];[18.82, 39.33, 59.35]
[748, 833, 437];[56.65, 70.5, 52.76]
[159, 435, 255];[81.61, 44.56, 53.59]
[950, 90, 931];[52.6, 53.88, 71.53]
[896, 551, 362];[52.25, 79.8, 61.66]
[253, 604, 304];[59.02, 5.33, 36.59]
[320, 149, 207];[57.48, 102.64, 14.87]
[947, 211, 149];[76.63, 74.48, 99.76]
[235, 351, 435];[51.76, 80.04, 42.06]
[919, 795, 313];[69.26, 39.04, 74.78]
[426, 255, 292];[19.23, 64.18, 12.6]
[145, 100, 334];[55.59, 11.31, 40.11]
[826, 215, 11];[10.77, 50.6, 122.37]
[769, 442, 768];[63.83, 50.17, 11.13]
[291, 402, 254];[81.3, 12.77, 64.99]
[327, 956, 955];[57.09, 73.39, 33.91]
[35, 338, 304];[82.87, 17.77, 34.97]
[427, 447, 373];[64.42, 73.12, 39.3]
[254, 335, 89];[63.67, 59.32, 0.95]
[256, 553, 748];[96.25, 41.56, 62.93]
[831, 792, 11];[66.06, 73.82, 91.41]
[859, 695, 950];[-6.87, 18.17, 54.71]
[826, 369, 775];[-1.46, 33.07, 58.38]
[885, 805, 48];[36.8, 32.69, 81.06]
[476, 392, 131];[49.81, 43.98, 24.03]
[705, 252, 286];[71.04, 58.16, 30.44]
[833, 254, 212];[69.72, 60.34, 39.09]
[645, 559, 149];[30.73, 61.8, 107.71]
[9, 329, 826];[51.52, 72.44, 28.21]
[883, 369, 442];[70.75, 61.09, 28.59]
[749, 841, 220];[69.5, 66.53, 48.18]
[454, 215, 445];[18.29, 51.96, 56.91]
[88, 58, 942];[4.03, 82.79, 59.47]
[604, 337, 461];[6.34, 63.23, 79.39]
[101, 795, 436];[11.22, 42.24, 77.17]
[276, 55, 156];[37.71, 65.75, 83.56]
[577, 360, 448];[59.87, 54.13, 70.9]
[159, 840, 463];[90.42, 17.18, 65.2]
[253, 643, 313];[64.24, 36.02, 62.27]
[880, 891, 907];[23.5, 78.92, 64.74]
[65, 106, 32];[52.78, 41.56, 103.45]
[259, 40, 919];[48.25, 87.05, 60.88]
[36, 757, 402];[48.06, 38.35, 21.9]
[40, 759, 703];[60.18, 77.53, 79.25]
[296, 427, 946];[87.68, 63.41, 101.74]
[84, 274, 160];[34.14, 64.07, 84.55]
[301, 971, 358];[54.21, 65.33, 57.78]
[303, 88, 577];[48.03, 5.3, 82.56]
[99, 553, 922];[19.24, 67.86, 89.95]
[145, 836, 858];[42.19, 48.96, 59.43]
[703, 556, 89];[59.05, 16.01, -2.34]
[359, 768, 402];[47.71, 11.61, 20.91]
[869, 212, 831];[46.71, 31.7, 61.54]
[946, 304, 372];[75.97, 32.9, 61.24]
[276, 448, 865];[33.99, 72.01, 56.01]
[47, 554, 789];[66.08, 68.23, 77.63]
[294, 396, 751];[76.94, 48.57, 57.51]
[921, 797, 834];[63.16, 75.86, 80.84]
[956, 316, 58];[63.68, 40.23, 79.5]
[705, 372, 55];[65.2, 67.61, 67.04]
[372, 413, 320];[64.22, 48.27, 58.22]
[396, 101, 437];[50.49, 10.24, 53.57]
[73, 569, 792];[76.2, 46.25, 65.03]
[256, 2, 125];[80.52, 71.05, 61.16]
[705, 751, 907];[62.22, 58.02, 39.48]
[91, 138, 296];[74.88, 23.93, 77.02]
[273, 101, 372];[76.45, 12.87, 62.82]
[867, 826, 40];[23.11, 16.18, 74.52]
[6, 880, 160];[106.46, 19.36, 78.43]
[276, 533, 104];[40.73, 74.76, 53.2]
[6, 425, 146];[91.56, 70.11, 49.15]
[40, 754, 942];[58.09, 37.4, 65.43]
[216, 304, 551];[49.77, 45.1, 76.43]
[35, 372, 752];[81.16, 60.37, 62.84]
[240, 99, 8];[65.08, 31.31, 63.79]
[790, 755, 35];[1.56, 67.98, 70.61]
[8, 23, 442];[61.32, 54.12, 19.08]
[220, 920, 797];[29.94, 46.9, 45.55]
[464, 796, 150];[26.1, 42.65, 16.26]
[883, 604, 27];[47.61, 12.02, 4.15]
[142, 454, 437];[17.57, 25.41, 49.66]
[965, 755, 799];[29.59, 78.56, 42.7]
[946, 320, 875];[114.48, 70.9, 53.67]
[46, 778, 955];[12.51, 6.24, 17.15]
[365, 728, 426];[32.01, 70.01, 16.0]
[369, 945, 752];[60.3, 20.05, 56.55]
[447, 99, 201];[56.7, 34.24, 58.53]
[73, 101, 252];[82.75, 9.3, 60.11]
[91, 476, 403];[79.73, 54.53, 53.98]
[73, 867, 254];[75.66, 18.69, 65.22]
[763, 795, 215];[51.7, 43.39, 52.15]
[459, 94, 780];[50.69, 78.75, 84.76]
[461, 533, 889];[83.47, 81.96, 67.42]
[840, 835, 211];[15.97, 56.7, 60.35]
[877, 331, 971];[42.69, 63.68, 74.73]
[435, 149, 955];[40.36, 110.57, 38.61]
[777, 894, 929];[13.55, 53.29, 32.64]
[29, 274, 238];[30.13, 60.31, 39.13]
[94, 917, 425];[82.64, 19.96, 77.38]
[30, 711, 783];[23.75, 22.52, 77.81]
[925, 211, 448];[58.46, 54.25, 76.14]
[805, 100, 369];[38.63, 14.12, 63.33]
[475, 341, 124];[16.74, 39.36, 70.96]
[865, 128, 316];[56.09, 115.8, 37.51]
[341, 695, 928];[38.81, 40.46, 42.53]
[334, 445, 23];[49.89, 53.67, 63.23]
[885, 274, 765];[41.36, 61.11, 94.44]
[642, 412, 796];[35.26, 72.66, 52.74]
[91, 312, 792];[62.17, 60.98, 94.43]
[775, 880, 273];[58.16, 17.67, 73.34]
[800, 8, 642];[50.8, 66.96, 35.4]
[77, 957, 165];[79.79, 76.94, 61.21]
[387, 805, 922];[46.01, 32.72, 81.27]
[760, 560, 373];[21.13, 50.69, 36.9]
[40, 426, 337];[83.94, 16.0, 59.65]
[104, 703, 34];[50.94, 56.44, 92.03]
[35, 711, 335];[85.31, 7.9, 58.29]
[87, 972, 426];[21.76, 66.73, 18.59]
[448, 223, 826];[71.92, 58.86, 18.34]
[402, 142, 733];[23.15, 19.56, 69.33]
[84, 732, 463];[39.06, 52.14, 46.38]
[27, 413, 833];[40.16, 49.43, 69.91]
[17, 133, 469];[51.57, 14.12, 21.92]
[795, 760, 753];[44.99, 43.76, 43.63]
[100, 769, 37];[9.07, 78.64, 67.18]
[861, 318, 413];[57.91, 64.64, 46.48]
[89, 800, 165];[9.32, 38.87, 63.26]
[757, 560, 861];[39.42, 47.36, 73.74]
[759, 139, 413];[52.97, 76.38, 41.53]
[892, 771, 331];[85.9, 100.86, 61.42]
[135, 567, 220];[22.07, 69.29, 45.66]
[561, 842, 17];[65.2, 31.47, 48.79]
[748, 778, 554];[55.61, 17.62, 77.48]
[971, 834, 836];[71.31, 84.1, 53.8]
[766, 235, 787];[63.08, 57.28, 55.65]
[832, 146, 124];[54.75, 50.09, 66.11]
[891, 351, 179];[74.47, 78.18, 56.73]
[106, 303, 883];[47.42, 58.81, 62.5]
[771, 179, 867];[108.43, 53.21, 27.4]
[133, 27, 286];[9.37, 46.26, 12.2]
[338, 551, 777];[27.5, 70.03, 27.38]
[60, 133, 17];[12.53, 0.94, 31.31]
[30, 403, 728];[14.37, 54.47, 78.52]
[110, 869, 733];[63.62, 57.01, 35.05]
[47, 883, 839];[65.74, 73.84, 22.04]
[124, 412, 402];[64.38, 68.45, 25.97]
[145, 22, 878];[45.79, 64.05, 54.81]
[472, 464, 883];[68.03, 49.52, 69.69]
[872, 254, 758];[38.35, 63.65, 42.92]
[18, 405, 140];[57.49, 57.73, 21.98]
[313, 28, 958];[62.74, 33.94, 40.77]
[17, 948, 318];[58.59, 94.19, 62.28]
[871, 365, 166];[27.6, 38.65, 47.43]
[313, 603, 66];[57.24, 64.7, 32.25]
[362, 463, 794];[54.75, 48.64, 129.49]
[110, 413, 142];[64.9, 59.88, 17.47]
[917, 133, 836];[25.92, 13.19, 44.29]
[279, 917, 261];[76.28, 25.25, 70.54]
[533, 874, 84];[88.71, 51.13, -2.24]
[373, 36, 749];[52.64, 45.89, 60.98]
[125, 695, 865];[43.96, 36.8, 45.88]
[758, 788, 925];[40.37, 38.88, 40.05]
[923, 116, 958];[-2.36, 49.5, 42.18]
[105, 118, 946];[83.28, 28.28, 63.61]
[427, 893, 918];[46.31, 68.66, 25.48]
[763, 140, 139];[64.45, 23.46, 60.87]
[427, 331, 238];[45.91, 69.36, 26.12]
[878, 799, 276];[45.26, 66.82, 35.77]
[131, 295, 873];[29.1, 58.66, 93.97]
[836, 331, 461];[43.4, 54.34, 86.87]
[923, 337, 922];[2.29, 61.69, 104.66]
[749, 318, 369];[52.72, 79.0, 62.23]
[947, 471, 216];[85.11, 16.2, 50.67]
[464, 769, 32];[36.07, 58.93, 83.1]
[48, 67, 695];[65.9, 38.01, 37.99]
[567, 235, 341];[71.84, 46.04, 43.75]
[553, 753, 213];[46.2, 35.55, 45.64]
[748, 140, 839];[52.35, 34.71, 20.65]
[882, 7, 876];[41.82, 49.12, 58.16]
[106, 976, 256];[51.94, 44.6, 75.01]
[469, 219, 964];[26.42, 34.23, 60.81]
[240, 762, 274];[61.93, 81.66, 53.13]
[459, 861, 66];[44.42, 39.68, 31.64]
[799, 728, 766];[72.48, 76.29, 58.25]
[18, 727, 759];[51.98, 89.56, 58.05]
[780, 150, 559];[83.93, 21.78, 54.86]
[786, 211, 91];[75.15, 60.27, 81.62]
[358, 880, 995];[55.07, 18.1, 61.18]
[765, 868, 212];[80.16, 47.28, 42.91]
[11, 956, 374];[110.88, 51.45, 69.87]
[779, 362, 795];[42.14, 60.96, 43.79]
[834, 472, 872];[76.34, 74.8, 35.85]
[20, 907, 463];[61.39, 31.68, 43.53]
[163, 101, 30];[64.55, 15.0, 20.83]
[840, 313, 147];[10.8, 67.2, 36.12]
[752, 35, 942];[51.63, 78.24, 51.06]
[569, 769, 840];[34.53, 86.57, 18.63]
[840, 826, 948];[18.28, 14.35, 92.28]
[803, 135, 46];[42.57, 27.51, 40.16]
[87, 907, 273];[24.58, 14.52, 69.79]
[551, 78, 207];[79.81, 53.3, 15.39]
[212, 832, 360];[33.29, 57.54, 61.97]
[786, 110, 760];[88.72, 67.96, 13.84]
[65, 47, 160];[31.38, 60.33, 57.63]
[291, 331, 577];[61.26, 67.31, 37.96]
[603, 135, 914];[65.76, 30.31, 40.0]
[832, 363, 788];[50.61, 76.45, 43.53]
[22, 238, 179];[70.28, 39.53, 65.79]
[442, 786, 946];[46.36, 41.23, 76.39]
[372, 437, 405];[65.61, 51.54, 64.85]
[251, 372, 142];[66.23, 62.23, 17.89]
[791, 211, 533];[40.44, 60.86, 74.47]
[895, 207, 703];[54.34, 12.0, 60.38]
[291, 877, 405];[77.1, 37.51, 61.71]
[766, 955, 156];[59.18, 38.09, 83.06]
[918, 100, 836];[31.27, 13.75, 60.78]
[779, 421, 142];[49.12, 24.19, 20.38]
[914, 286, 445];[44.53, 33.73, 51.28]
[38, 343, 442];[58.91, 45.4, 37.91]
[839, 553, 760];[33.42, 50.07, 27.15]
[774, 570, 215];[62.55, 32.79, 46.43]
[140, 66, 291];[29.94, 45.54, 50.04]
[83, 858, 138];[37.52, 62.4, 24.62]
[831, 949, 252];[79.72, 70.93, 68.87]
[783, 834, 948];[71.33, 78.58, 93.87]
[139, 215, 765];[64.55, 46.45, 75.93]
[840, 110, 331];[25.06, 79.09, 62.75]
[882, 351, 113];[45.12, 85.03, 73.32]
[889, 88, 427];[67.12, -8.45, 62.45]
[442, 100, 22];[21.65, 8.99, 79.34]
[776, 29, 877];[26.65, 16.12, 50.48]
[207, 6, 881];[9.31, 83.96, 77.2]
[602, 869, 216];[66.4, 54.16, 59.19]
[840, 553, 922];[20.84, 44.72, 81.66]
[163, 755, 922];[65.76, 58.01, 70.01]
[48, 201, 451];[66.16, 58.61, 20.13]
[412, 65, 88];[73.32, 47.8, 1.66]
[318, 834, 556];[56.98, 82.12, 34.65]
[17, 559, 728];[60.46, 61.37, 70.34]
[951, 786, 442];[40.82, 47.7, 23.16]
[105, 760, 711];[67.76, 38.38, 3.91]
[780, 777, 570];[89.18, 25.4, 28.01]
[695, 765, 705];[46.13, 70.63, 74.99]
[425, 318, 135];[72.15, 63.83, 31.64]
[133, 296, 436];[15.97, 74.38, 73.11]
[116, 561, 923];[42.63, 69.8, 8.32]
[435, 335, 995];[40.06, 58.98, 57.06]
[833, 99, 27];[69.96, 35.11, 47.28]
[752, 128, 948];[62.35, 99.77, 96.76]
[60, 777, 972];[33.49, 29.66, 68.66]
[603, 471, 22];[63.58, 24.46, 63.6]
[369, 755, 642];[66.98, 56.76, 34.09]
[60, 754, 53];[32.99, 36.38, 47.78]
[889, 896, 732];[71.29, 40.78, 61.5]
[77, 776, 922];[77.29, 29.54, 77.98]
[294, 38, 362];[84.25, 60.16, 51.41]
[341, 320, 160];[41.82, 50.65, 72.47]
[387, 131, 21];[31.31, 26.26, 82.22]
[793, 801, 561];[37.01, 34.41, 63.38]
[359, 9, 47];[51.26, 51.27, 66.59]
[365, 464, 778];[38.54, 42.9, 39.65]
[947, 273, 891];[82.36, 64.57, 73.02]
[78, 254, 145];[39.24, 63.14, 52.74]
[66, 18, 711];[21.95, 53.69, -3.03]
[732, 860, 448];[51.43, 43.96, 72.01]
[948, 362, 950];[94.64, 58.12, 43.73]
[553, 703, 459];[46.1, 57.11, 49.73]
[36, 87, 971];[53.66, 28.56, 71.41]
[868, 318, 780];[39.29, 56.57, 85.99]
[533, 252, 58];[71.99, 59.98, 81.13]
[469, 11, 454];[27.18, 97.69, 16.27]
[8, 890, 138];[78.99, 52.44, 21.05]
[413, 795, 35];[45.27, 46.55, 89.32]
[296, 351, 446];[75.84, 61.91, 57.42]
[387, 882, 207];[41.04, 44.8, 13.81]
[868, 797, 320];[38.3, 80.96, 63.92]
[551, 951, 73];[73.37, 36.36, 71.27]
[732, 570, 752];[60.14, 47.44, 59.84]
[118, 303, 396];[30.59, 51.47, 55.85]
[20, 861, 301];[52.65, 56.19, 56.83]
[446, 28, 797];[56.12, 36.41, 68.22]
[21, 445, 320];[75.25, 61.37, 65.41]
[763, 32, 58];[54.42, 81.77, 70.95]
[140, 109, 798];[26.51, 83.79, 61.18]
[166, 294, 387];[25.5, 77.94, 45.52]
[889, 788, 475];[67.67, 35.33, 4.96]
[142, 38, 23];[9.34, 65.55, 56.5]
[88, 227, 955];[-2.86, 82.73, 35.92]
[776, 801, 60];[68.23, 10.9, 19.77]
[338, 919, 802];[23.32, 61.12, 52.21]
[955, 55, 318];[30.65, 82.37, 69.51]
[373, 91, 758];[40.59, 65.12, 39.93]
[118, 762, 296];[-3.96, 83.19, 66.73]
[172, 858, 343];[67.68, 38.32, 49.42]
[866, 40, 223];[61.09, 83.94, 56.02]
[789, 644, 831];[76.99, 65.87, 66.2]
[950, 471, 211];[44.49, 21.62, 63.3]
[105, 894, 463];[69.13, 55.12, 55.45]
[896, 431, 212];[48.19, 39.67, 38.33]
[923, 23, 276];[13.43, 55.96, 33.63]
[766, 303, 802];[53.98, 49.15, 74.25]
[431, 788, 766];[41.88, 36.46, 53.93]
[730, 156, 147];[46.84, 86.12, 46.19]
[644, 253, 94];[67.03, 66.81, 82.2]
[868, 276, 787];[44.03, 33.34, 62.1]
[883, 777, 320];[73.76, 15.17, 56.48]
[728, 216, 771];[76.26, 51.23, 106.02]
[895, 782, 145];[56.34, 46.02, 45.96]
[166, 880, 341];[43.72, 26.77, 45.22]
[869, 787, 752];[53.59, 56.16, 63.97]
[840, 883, 58];[25.86, 69.35, 91.11]
[360, 869, 240];[56.55, 50.24, 63.41]
[427, 261, 166];[55.26, 63.4, 44.31]
[789, 89, 178];[74.26, 9.15, 65.66]
[369, 727, 147];[59.06, 97.64, 44.21]
[882, 873, 227];[43.65, 71.28, 79.67]
[728, 90, 763];[88.03, 57.92, 56.11]
[273, 796, 448];[94.26, 55.69, 68.26]
[413, 775, 464];[33.02, 49.92, 40.84]
[279, 27, 133];[71.13, 40.98, 12.78]
[885, 461, 301];[49.52, 92.92, 63.68]
[907, 799, 55];[3.12, 67.34, 64.1]
[251, 947, 876];[65.08, 89.44, 69.44]
[40, 475, 881];[76.94, 8.1, 53.09]
[840, 316, 402];[18.0, 37.92, 25.99]
[26, 158, 23];[10.07, 54.39, 52.92]
[109, 259, 826];[81.83, 52.34, 28.57]
[922, 769, 914];[71.0, 51.63, 40.32]
[106, 730, 55];[47.62, 45.04, 57.46]
[343, 255, 327];[52.81, 48.57, 54.08]
[949, 859, 255];[42.95, 20.27, 49.21]
[475, 220, 90];[19.2, 47.7, 53.79]
[320, 28, 392];[54.74, 33.39, 48.98]
[427, 259, 124];[54.84, 55.27, 71.53]
[149, 58, 178];[116.82, 79.96, 59.88]
[451, 343, 339];[16.68, 50.34, 10.07]
[105, 67, 976];[70.67, 37.73, 44.93]
[100, 861, 252];[13.36, 38.63, 66.54]
[873, 603, 427];[58.62, 64.58, 58.14]
[834, 47, 463];[86.21, 73.52, 51.2]
[23, 156, 920];[55.26, 80.94, 49.92]
[970, 890, 30];[29.19, 83.23, 44.01]
[60, 604, 780];[29.21, 8.05, 89.03]
[403, 942, 957];[58.19, 58.36, 82.25]
[335, 48, 339];[64.95, 71.63, 5.84]
[928, 219, 950];[44.74, 32.53, 45.14]
[567, 788, 58];[71.68, 43.84, 84.82]
[874, 58, 790];[41.38, 76.29, 1.82]
[436, 826, 771];[77.09, 37.29, 116.72]
[894, 396, 128];[67.63, 50.99, 98.56]
[794, 553, 6];[161.98, 66.33, 124.23]
[559, 279, 577];[59.31, 75.18, 50.52]
[778, 147, 965];[31.23, 53.14, 77.96]
[19, 431, 561];[64.62, 43.97, 70.49]
[27, 533, 551];[53.99, 69.97, 74.88]
[958, 976, 749];[42.19, 45.7, 65.64]
[427, 942, 259];[50.97, 53.14, 51.65]
[788, 874, 918];[42.46, 48.31, 28.66]
[778, 839, 893];[33.87, 28.01, 68.49]
[873, 100, 320];[61.77, 13.47, 56.15]
[919, 131, 766];[66.37, 25.29, 57.49]
[46, 418, 60];[56.48, 71.7, 33.29]
[116, 20, 55];[38.89, 72.17, 56.43]
[570, 160, 951];[42.83, 71.73, 48.97]
[339, 431, 751];[14.38, 39.43, 64.88]
[227, 833, 556];[70.32, 75.53, 42.69]
[454, 914, 919];[17.57, 54.74, 66.96]
[895, 88, 798];[56.11, 0.02, 66.05]
[570, 463, 839];[39.37, 42.43, 34.58]
[832, 313, 956];[56.4, 71.54, 62.98]
[90, 21, 252];[51.16, 80.61, 68.78]
[871, 957, 138];[16.27, 78.18, 24.99]
[765, 798, 891];[75.91, 58.71, 73.48]
[779, 447, 451];[42.02, 61.36, 29.04]
[150, 642, 343];[21.99, 33.57, 46.57]
[889, 564, 754];[61.69, 105.6, 34.4]
[295, 46, 730];[57.89, 63.21, 42.58]
[753, 893, 705];[16.99, 60.22, 62.28]
[754, 554, 803];[26.89, 80.13, 34.57]
[965, 337, 147];[35.32, 57.85, 32.03]
[396, 791, 207];[57.04, 61.77, 18.66]
[766, 327, 878];[88.65, 69.02, 60.5]
[135, 839, 207];[46.7, 38.13, 21.24]
[533, 793, 435];[107.24, 51.43, 60.01]
[893, 836, 66];[68.0, 50.01, 33.99]
[918, 779, 793];[28.25, 40.44, 36.34]
[896, 436, 866];[46.47, 66.45, 60.13]
[29, 769, 244];[22.97, 55.6, 45.84]
[9, 733, 116];[51.01, 74.38, 41.86]
[881, 826, 84];[59.84, 26.44, 12.94]
[831, 207, 138];[65.44, 16.34, 21.83]
[768, 156, 957];[12.09, 81.52, 84.77]
[445, 104, 292];[58.41, 50.51, 13.32]
[763, 427, 769];[56.86, 55.49, 55.93]
[227, 296, 19];[71.66, 78.77, 68.88]
[21, 73, 781];[86.28, 74.52, 38.12]
[30, 955, 556];[30.85, 40.74, 28.79]
[146, 6, 865];[48.95, 108.19, 61.58]
[238, 799, 78];[24.13, 65.31, 45.61]
[435, 211, 329];[39.79, 80.36, 84.5]
[786, 451, 923];[60.98, 26.48, 14.47]
[928, 976, 925];[46.32, 33.55, 64.64]
[976, 2, 131];[34.08, 64.4, 16.66]
[787, 104, 783];[85.85, 55.42, 79.52]
[318, 142, 948];[73.76, 17.96, 115.0]
[866, 760, 921];[34.1, 64.67, 64.49]
[858, 145, 442];[74.13, 63.75, 3.79]
[435, 316, 918];[39.49, 48.41, 37.81]
[790, 751, 733];[20.6, 84.45, 50.29]
[556, 373, 896];[26.68, 40.99, 51.32]
[88, 914, 135];[1.64, 75.45, 26.91]
[949, 873, 158];[3.15, 73.9, 84.3]
[570, 2, 135];[26.73, 85.73, 19.82]
[55, 160, 882];[95.06, 89.14, 41.07]
[359, 875, 711];[41.95, 38.0, 10.0]
[84, 261, 896];[-0.62, 64.36, 46.37]
[883, 53, 917];[73.96, 31.73, 32.1]
[329, 560, 795];[72.02, 39.03, 43.97]
[116, 447, 766];[42.2, 57.69, 54.82]
[9, 931, 249];[51.29, 71.92, 53.24]
[556, 426, 801];[33.12, 18.15, 26.87]
[362, 351, 787];[61.38, 74.77, 60.16]
[252, 766, 795];[67.35, 56.65, 42.96]
[34, 876, 418];[90.0, 57.65, 80.84]
[956, 730, 65];[52.23, 47.89, 35.37]
[23, 387, 316];[50.09, 38.34, 41.56]
[220, 777, 133];[37.58, 14.56, 16.02]
[833, 796, 212];[77.28, 52.0, 38.98]
[301, 9, 801];[72.43, 52.04, 15.34]
[793, 223, 88];[43.86, 68.02, -1.26]
[110, 796, 907];[80.26, 50.5, 38.86]
[431, 891, 874];[39.12, 82.05, 55.85]
[365, 84, 251];[38.55, 17.53, 76.77]
[138, 945, 436];[30.73, 6.97, 76.53]
[337, 318, 870];[62.34, 87.14, 80.43]
[881, 249, 839];[54.8, 55.54, 33.86]
[124, 110, 446];[85.32, 76.73, 70.66]
[859, 138, 774];[0.9, 32.13, 72.29]
[947, 757, 843];[88.39, 29.59, 95.66]
[873, 560, 773];[80.51, 56.71, 53.43]
[320, 40, 360];[67.51, 84.22, 64.46]
[754, 292, 90];[44.62, 12.08, 51.66]
[730, 861, 436];[49.78, 105.83, 67.91]
[244, 878, 135];[52.84, 64.4, 30.65]
[727, 841, 274];[80.01, 69.97, 51.85]
[783, 40, 733];[78.41, 83.92, 75.77]
[387, 782, 771];[35.87, 36.28, 88.47]
[792, 839, 99];[60.64, 24.89, 33.43]
[883, 412, 923];[73.85, 70.88, 13.39]
[235, 866, 781];[47.01, 57.9, 38.24]
[976, 28, 392];[44.18, 33.6, 44.82]
[392, 556, 436];[43.06, 36.93, 69.46]
[312, 765, 244];[65.36, 66.63, 45.01]
[213, 35, 951];[43.56, 88.2, 39.22]
[125, 895, 88];[58.62, 51.13, 5.86]
[957, 150, 868];[84.97, 16.96, 39.54]
[7, 471, 839];[47.86, 17.82, 17.77]
[166, 159, 803];[45.71, 85.06, 42.01]
[921, 46, 917];[66.4, 19.04, 24.65]
[834, 212, 21];[78.41, 36.91, 85.05]
[292, 38, 259];[10.98, 63.44, 42.19]
[865, 793, 142];[56.09, 41.63, 20.37]
[642, 711, 374];[25.67, 34.68, 83.91]
[919, 791, 139];[63.38, 42.34, 72.35]
[94, 929, 244];[78.77, 42.56, 41.72]
[802, 842, 292];[66.02, 39.79, 6.53]
[931, 836, 331];[55.68, 43.8, 61.73]
[476, 435, 602];[67.77, 37.1, 52.86]
[276, 476, 139];[42.44, 62.27, 75.33]
[165, 875, 727];[63.73, 44.0, 91.45]
[703, 760, 238];[52.02, 52.81, 6.18]
[768, 19, 405];[3.31, 80.94, 52.99]
[255, 841, 244];[74.6, 70.61, 42.86]
[359, 124, 425];[47.98, 52.51, 68.21]
[866, 643, 957];[61.09, 32.05, 84.61]
[138, 868, 89];[20.03, 40.97, 15.81]
[771, 337, 172];[91.62, 60.24, 60.41]
[949, 751, 87];[45.8, 57.07, 22.52]
[240, 533, 561];[63.49, 72.15, 71.18]
[249, 895, 881];[53.3, 51.8, 62.23]
[34, 563, 131];[96.19, 77.14, 34.07]
[91, 249, 835];[79.84, 54.02, 59.54]
[6, 318, 794];[102.08, 59.66, 127.46]
[881, 919, 30];[59.54, 69.34, 30.1]
[554, 240, 645];[71.92, 64.14, 34.24]
[843, 929, 603];[68.22, 36.2, 61.39]
[928, 99, 