[338, 732, 160];[35.97, 50.02, 66.0]
[775, 604, 65];[55.89, 4.03, 73.36]
[842, 255, 965];[24.13, 46.42, 54.53]
[781, 78, 244];[48.39, 40.6, 48.46]
[793, 17, 11];[34.02, 48.31, 89.61]
[464, 891, 469];[35.64, 75.44, 12.68]
[256, 413, 920];[49.97, 50.92, 48.52]
[867, 928, 705];[53.68, 43.73, 68.0]
[139, 29, 762];[69.2, 28.57, 70.58]
[797, 567, 945];[59.77, 72.48, 48.42]
[373, 802, 106];[53.44, 60.87, 48.47]
[6, 251, 66];[83.77, 55.58, 25.45]
[780, 30, 292];[76.03, 17.16, 8.34]
[303, 36, 128];[41.22, 45.13, 95.79]
[947, 17, 946];[71.11, 48.66, 76.26]
[842, 223, 783];[25.45, 69.16, 86.62]
[201, 447, 839];[68.27, 64.84, 5.31]
[149, 951, 787];[67.62, 50.6, 62.52]
[929, 313, 644];[44.09, 69.57, 65.05]
[29, 274, 554];[31.59, 67.12, 76.01]
[294, 327, 211];[62.01, 40.72, 70.73]
[351, 145, 18];[84.82, 57.24, 57.72]
[945, 602, 118];[64.06, 66.68, 39.21]
[304, 66, 35];[29.59, 36.02, 89.95]
[365, 138, 976];[37.04, 25.53, 38.46]
[133, 89, 533];[19.23, 18.1, 100.54]
[732, 94, 359];[57.96, 67.37, 62.83]
[87, 374, 839];[8.97, 102.58, -5.55]
[358, 859, 569];[67.4, 2.86, 50.15]
[53, 788, 917];[51.11, 32.54, 19.58]
[789, 777, 201];[78.0, 29.99, 50.0]
[556, 240, 223];[35.32, 50.01, 52.28]
[790, 418, 446];[11.16, 67.61, 64.07]
[891, 150, 110];[72.67, 21.83, 62.94]
[781, 454, 727];[47.57, 13.32, 54.26]
[18, 318, 156];[53.61, 57.8, 78.66]
[253, 893, 235];[49.12, 68.0, 44.02]
[301, 475, 235];[59.56, 13.85, 44.58]
[891, 292, 757];[74.26, 12.5, 48.27]
[798, 877, 427];[61.86, 38.97, 55.59]
[78, 929, 38];[36.3, 47.76, 60.26]
[786, 147, 142];[51.53, 39.95, 19.86]
[296, 116, 159];[56.73, 49.51, 91.95]
[100, 37, 362];[2.89, 70.09, 44.19]
[131, 320, 643];[17.0, 70.78, 24.54]
[53, 561, 841];[46.48, 61.21, 71.63]
[445, 34, 451];[62.56, 89.54, 22.62]
[150, 454, 412];[17.02, 5.55, 58.01]
[362, 165, 858];[40.64, 74.77, 59.69]
[885, 964, 279];[50.92, 58.8, 80.27]
[786, 760, 891];[39.69, 60.15, 57.61]
[11, 427, 454];[127.57, 56.06, 0.36]
[643, 316, 362];[13.97, 62.76, 45.44]
[533, 32, 892];[93.08, 70.41, 65.55]
[125, 454, 253];[40.71, 1.97, 55.83]
[775, 783, 251];[85.48, 83.91, 46.66]
[890, 931, 920];[57.33, 46.32, 38.67]
[274, 128, 363];[62.61, 99.06, 99.16]
[425, 396, 843];[67.9, 43.09, 74.33]
[859, 833, 841];[3.71, 101.5, 76.73]
[780, 149, 957];[80.01, 50.0, 74.67]
[556, 805, 337];[35.32, 50.11, 51.88]
[156, 475, 342];[78.49, 13.64, 70.26]
[445, 251, 874];[56.01, 66.36, 40.19]
[88, 454, 644];[0.01, 14.91, 65.48]
[372, 436, 883];[59.41, 66.36, 61.28]
[777, 795, 705];[31.5, 42.75, 68.54]
[871, 751, 146];[25.15, 63.71, 57.1]
[777, 732, 642];[32.96, 56.5, 32.81]
[105, 142, 178];[80.02, 22.28, 59.97]
[131, 104, 6];[22.35, 55.05, 77.01]
[32, 292, 431];[86.12, 13.72, 53.21]
[412, 798, 421];[75.92, 66.72, 34.53]
[36, 780, 889];[49.07, 79.91, 66.67]
[213, 211, 77];[35.47, 55.69, 54.88]
[556, 872, 780];[49.57, 42.53, 78.52]
[789, 896, 776];[79.69, 54.5, 49.3]
[801, 53, 261];[25.57, 55.3, 70.49]
[802, 405, 160];[66.54, 66.53, 63.18]
[84, 604, 26];[14.6, 10.97, 14.0]
[839, 320, 790];[28.43, 70.41, 32.98]
[843, 201, 865];[65.72, 61.5, 66.28]
[881, 831, 149];[66.4, 64.34, 58.68]
[752, 337, 149];[52.93, 46.39, 56.27]
[732, 798, 392];[53.24, 67.98, 72.42]
[771, 106, 553];[96.72, 55.31, 41.49]
[261, 566, 758];[71.95, 38.03, 37.91]
[751, 331, 995];[78.56, 59.89, 61.38]
[335, 789, 801];[64.21, 75.67, 8.81]
[29, 60, 211];[29.59, 37.43, 42.51]
[972, 47, 223];[74.0, 65.8, 52.01]
[442, 55, 752];[50.45, 57.21, 56.04]
[782, 464, 215];[38.8, 48.14, 43.57]
[885, 748, 554];[61.39, 53.62, 68.2]
[771, 46, 37];[55.08, 50.37, 67.9]
[566, 301, 303];[40.53, 58.44, 44.81]
[787, 965, 556];[56.8, 54.6, 38.73]
[881, 291, 791];[64.77, 53.52, 38.11]
[66, 105, 880];[36.97, 73.58, 19.08]
[34, 946, 893];[88.01, 59.12, 69.82]
[84, 83, 703];[23.54, 49.46, 62.58]
[923, 17, 777];[35.99, 52.97, 33.15]
[794, 207, 884];[128.35, 16.89, 57.73]
[834, 882, 551];[67.07, 40.02, 78.13]
[604, 216, 950];[8.37, 45.8, 52.82]
[771, 2, 865];[62.65, 88.64, 63.74]
[799, 172, 235];[70.86, 59.55, 51.13]
[791, 156, 87];[40.98, 84.16, 14.52]
[435, 259, 105];[37.07, 30.72, 74.15]
[891, 971, 240];[91.05, 86.48, 50.72]
[868, 78, 312];[38.86, 42.94, 78.86]
[917, 303, 341];[19.97, 53.3, 49.98]
[836, 240, 65];[99.24, 47.5, 58.26]
[553, 604, 951];[49.77, 12.41, 42.34]
[100, 343, 363];[1.15, 58.54, 132.26]
[27, 405, 866];[17.86, 80.17, 74.9]
[871, 644, 48];[18.08, 77.27, 67.49]
[337, 577, 461];[57.05, 86.08, 115.42]
[37, 158, 705];[62.5, 86.37, 75.79]
[147, 87, 790];[37.0, 11.71, 19.04]
[425, 769, 766];[72.0, 65.4, 54.01]
[362, 603, 312];[52.1, 50.02, 69.38]
[286, 342, 329];[22.16, 70.49, 50.71]
[472, 945, 431];[65.92, 51.27, 50.43]
[870, 244, 343];[67.69, 49.46, 53.6]
[570, 442, 695];[39.91, 50.35, 43.19]
[427, 840, 329];[51.57, 14.59, 53.12]
[125, 826, 833];[53.95, 27.88, 58.73]
[166, 882, 763];[54.45, 41.87, 53.62]
[445, 951, 946];[57.78, 56.13, 67.69]
[476, 392, 948];[63.13, 55.19, 53.75]
[919, 437, 762];[65.1, 57.84, 80.58]
[778, 2, 881];[11.43, 89.68, 73.44]
[780, 331, 133];[86.19, 66.43, 19.64]
[551, 351, 882];[92.6, 77.34, 40.97]
[18, 841, 790];[54.39, 76.79, 19.07]
[782, 138, 867];[52.72, 24.39, 78.44]
[426, 777, 875];[41.23, 33.37, 50.66]
[769, 139, 133];[75.46, 73.25, 20.13]
[928, 551, 128];[45.06, 81.59, 89.71]
[553, 858, 215];[36.5, 56.15, 46.7]
[769, 752, 561];[65.63, 59.18, 77.85]
[464, 883, 945];[45.15, 62.1, 72.89]
[893, 46, 19];[76.98, 86.38, 85.11]
[921, 105, 883];[74.42, 84.36, 55.77]
[207, 771, 840];[20.47, 68.15, 26.52]
[316, 995, 451];[68.64, 56.85, 34.66]
[459, 790, 360];[95.1, 21.24, 85.86]
[160, 749, 135];[76.79, 86.12, 34.6]
[405, 836, 561];[84.73, 137.98, 81.67]
[782, 19, 27];[37.96, 80.0, 42.0]
[475, 766, 251];[13.88, 54.21, 65.69]
[343, 201, 351];[53.39, 50.59, 54.58]
[995, 919, 446];[53.19, 65.12, 67.47]
[329, 471, 133];[53.7, 23.17, 18.31]
[920, 211, 338];[50.67, 48.96, 39.89]
[425, 451, 26];[72.54, 34.6, 12.47]
[776, 373, 421];[61.84, 50.13, 40.55]
[732, 949, 35];[50.74, 64.34, 80.21]
[783, 65, 421];[76.94, 61.37, 37.48]
[765, 776, 35];[79.79, 57.05, 75.9]
[387, 291, 773];[49.34, 61.75, 49.22]
[454, 766, 472];[14.75, 60.46, 79.86]
[158, 66, 892];[76.38, 35.65, 60.99]
[131, 794, 790];[21.72, 125.71, 1.34]
[859, 751, 435];[-0.25, 63.21, 42.38]
[227, 140, 77];[89.76, 56.37, 70.65]
[800, 149, 796];[51.37, 46.2, 49.87]
[165, 976, 135];[75.61, 23.03, 33.75]
[843, 179, 768];[67.57, 49.35, 13.4]
[604, 274, 570];[7.71, 63.11, 39.56]
[276, 861, 971];[41.15, 48.91, 90.34]
[826, 642, 338];[2.86, 32.29, 38.93]
[841, 604, 835];[62.98, 7.68, 55.38]
[929, 775, 279];[33.93, 62.27, 78.93]
[780, 921, 17];[87.07, 86.61, 40.33]
[778, 907, 358];[-2.68, 62.12, 51.46]
[752, 790, 179];[55.83, 9.35, 51.03]
[801, 27, 971];[3.48, -2.43, 97.1]
[448, 133, 873];[83.16, 13.66, 68.25]
[235, 920, 365];[41.94, 49.85, 34.0]
[329, 159, 316];[50.21, 88.23, 49.72]
[786, 760, 928];[43.15, 26.8, 44.07]
[799, 101, 787];[71.58, 9.77, 54.43]
[372, 760, 471];[58.8, 28.37, 19.72]
[341, 359, 30];[43.53, 43.98, 21.74]
[728, 373, 337];[71.02, 52.45, 53.61]
[274, 947, 291];[52.87, 54.24, 55.12]
[431, 577, 871];[51.12, 56.36, 21.32]
[341, 426, 889];[45.25, 25.9, 56.21]
[922, 124, 695];[73.12, 65.16, 34.79]
[560, 752, 792];[51.0, 60.58, 63.96]
[865, 964, 139];[57.26, 59.7, 69.9]
[914, 442, 805];[41.93, 49.66, 48.89]
[876, 369, 733];[61.97, 41.54, 64.45]
[758, 958, 788];[44.84, 65.94, 40.99]
[533, 644, 331];[80.96, 67.38, 63.05]
[931, 882, 771];[67.24, 38.03, 57.18]
[113, 469, 36];[64.65, 14.88, 52.16]
[413, 752, 40];[76.68, 61.21, 70.62]
[472, 291, 893];[69.34, 37.65, 73.21]
[790, 925, 890];[1.78, 52.0, 65.52]
[60, 948, 360];[53.45, 56.52, 77.8]
[145, 216, 235];[49.99, 63.1, 68.96]
[223, 142, 427];[75.31, 14.04, 59.44]
[925, 779, 343];[51.06, 39.59, 54.98]
[273, 253, 431];[59.02, 44.69, 55.96]
[929, 965, 727];[46.72, 56.51, 79.1]
[207, 240, 201];[13.08, 50.12, 115.38]
[447, 885, 554];[66.92, 58.96, 70.13]
[883, 733, 894];[61.91, 50.0, 52.0]
[223, 23, 923];[52.41, 48.27, 36.05]
[950, 783, 760];[50.2, 78.75, 26.86]
[840, 78, 316];[16.08, 40.68, 51.29]
[896, 942, 358];[49.71, 49.03, 45.76]
[301, 172, 142];[57.39, 51.08, 20.02]
[363, 786, 890];[76.65, 40.31, 57.85]
[73, 890, 87];[81.76, 57.64, 22.13]
[291, 603, 727];[52.59, 67.2, 59.66]
[40, 312, 219];[69.11, 71.65, 33.45]
[751, 6, 88];[63.98, 75.55, 0.79]
[970, 476, 447];[33.54, 58.92, 64.16]
[116, 166, 426];[51.21, 50.88, 42.19]
[256, 730, 929];[65.75, 78.9, 51.26]
[135, 99, 793];[35.65, 31.53, 39.39]
[777, 216, 223];[33.21, 63.03, 81.3]
[730, 789, 249];[74.01, 77.02, 54.55]
[77, 881, 795];[77.41, 67.27, 42.61]
[84, 212, 211];[1.64, 39.01, 57.98]
[291, 142, 779];[50.75, 16.51, 46.93]
[30, 172, 796];[21.62, 56.65, 58.28]
[768, 889, 965];[14.19, 61.85, 54.32]
[869, 882, 942];[54.92, 43.38, 76.57]
[703, 798, 36];[63.32, 56.71, 58.32]
[782, 805, 780];[69.62, 50.31, 92.02]
[125, 84, 754];[75.23, 8.7, 44.91]
[105, 369, 917];[98.3, 49.82, 27.41]
[920, 842, 768];[50.64, 25.98, 19.41]
[950, 461, 38];[80.33, 106.99, 76.44]
[793, 67, 799];[35.02, 50.59, 76.46]
[21, 883, 831];[50.0, 61.91, 59.63]
[892, 358, 369];[72.49, 44.53, 44.27]
[976, 965, 925];[35.9, 53.15, 50.16]
[253, 732, 533];[48.9, 50.72, 82.05]
[135, 564, 454];[30.1, 65.15, 14.54]
[396, 925, 753];[47.79, 51.0, 61.68]
[843, 446, 252];[63.72, 47.11, 59.59]
[564, 113, 7];[41.53, 63.08, 57.88]
[425, 6, 201];[70.9, 72.42, 52.83]
[47, 760, 7];[73.23, 40.77, 60.71]
[794, 23, 445];[125.81, 55.6, 60.08]
[755, 914, 331];[56.97, 52.78, 54.34]
[396, 454, 942];[47.08, 15.95, 50.05]
[752, 948, 560];[55.21, 63.61, 56.69]
[100, 28, 261];[6.39, 43.95, 70.79]
[873, 142, 303];[71.45, 19.77, 44.8]
[83, 261, 240];[61.75, 66.86, 53.69]
[469, 342, 358];[11.59, 87.68, 50.78]
[166, 421, 58];[36.98, 33.25, 60.89]
[775, 201, 139];[67.8, 72.9, 83.75]
[870, 752, 128];[79.55, 52.03, 94.12]
[313, 885, 461];[67.03, 51.29, 75.65]
[923, 758, 256];[32.99, 40.82, 62.71]
[53, 351, 11];[52.43, 82.24, 117.0]
[798, 418, 464];[58.69, 63.1, 31.3]
[805, 703, 802];[53.94, 58.94, 56.81]
[110, 705, 396];[64.66, 83.45, 51.21]
[286, 760, 140];[15.2, 50.77, 55.4]
[950, 945, 894];[68.16, 44.92, 45.22]
[159, 373, 834];[102.49, 63.0, 76.48]
[826, 387, 211];[27.82, 45.91, 50.01]
[363, 787, 774];[50.57, 52.33, 68.33]
[894, 442, 826];[52.58, 50.78, 28.67]
[211, 859, 942];[42.14, 14.44, 48.27]
[891, 286, 894];[73.93, 23.24, 53.25]
[948, 341, 843];[52.57, 45.08, 60.8]
[351, 249, 570];[59.76, 50.21, 36.45]
[948, 757, 831];[54.32, 51.0, 61.72]
[279, 703, 826];[67.13, 62.08, 28.89]
[885, 766, 795];[61.68, 56.02, 43.28]
[570, 156, 65];[40.91, 85.09, 69.68]
[312, 559, 418];[76.14, 62.31, 69.12]
[88, 341, 914];[2.2, 46.55, 58.86]
[948, 889, 775];[63.14, 72.92, 61.25]
[442, 295, 156];[76.71, 66.2, 65.82]
[945, 34, 643];[67.09, 92.65, 35.89]
[831, 446, 778];[67.47, 47.74, 5.87]
[437, 790, 972];[52.31, -5.13, 84.69]
[166, 158, 778];[54.67, 96.93, 2.43]
[891, 201, 425];[85.06, 85.42, 73.42]
[878, 47, 970];[65.46, 81.81, 33.84]
[118, 21, 445];[26.72, 61.79, 69.36]
[18, 211, 113];[58.63, 60.69, 78.99]
[791, 645, 83];[32.59, 13.23, 64.27]
[2, 160, 695];[107.54, 79.73, 34.05]
[405, 867, 220];[95.55, 73.65, 41.53]
[259, 146, 131];[39.93, 54.52, 31.84]
[296, 842, 118];[67.16, 24.81, 20.53]
[831, 476, 19];[58.84, 103.98, 75.21]
[99, 826, 840];[40.07, 18.58, 16.27]
[240, 836, 304];[50.0, 50.0, 20.0]
[387, 337, 797];[46.1, 52.0, 67.81]
[19, 418, 36];[79.61, 67.2, 44.96]
[40, 244, 451];[67.93, 48.86, 31.54]
[135, 958, 749];[32.4, 60.09, 66.51]
[866, 896, 109];[44.16, 48.31, 53.12]
[320, 448, 877];[70.97, 66.98, 37.45]
[89, 91, 766];[10.51, 73.49, 55.18]
[469, 890, 212];[14.96, 50.97, 39.34]
[90, 826, 947];[55.32, 18.89, 63.83]
[705, 165, 40];[65.13, 67.41, 66.53]
[577, 799, 445];[60.05, 79.05, 62.71]
[787, 871, 316];[51.31, 15.62, 69.8]
[956, 303, 207];[64.11, 47.23, 14.33]
[213, 835, 18];[30.77, 40.74, 58.66]
[387, 567, 834];[53.49, 69.47, 74.69]
[139, 875, 773];[81.69, 48.46, 50.11]
[2, 150, 18];[89.52, 30.12, 43.89]
[437, 789, 446];[50.56, 58.7, 30.21]
[768, 920, 751];[11.82, 49.89, 71.28]
[790, 769, 839];[-0.89, 79.9, 10.08]
[755, 331, 957];[68.97, 46.78, 72.7]
[163, 921, 956];[94.2, 70.84, 74.48]
[26, 251, 793];[5.51, 65.07, 38.7]
[874, 447, 471];[27.26, 73.55, 10.52]
[918, 178, 826];[46.83, 57.79, -2.33]
[566, 48, 892];[33.71, 85.11, 61.27]
[341, 435, 358];[36.45, 37.94, 52.75]
[890, 461, 9];[62.61, 93.01, 28.19]
[873, 94, 118];[64.32, 75.11, 33.69]
[875, 212, 100];[44.0, 38.01, 4.02]
[771, 942, 777];[51.48, 46.36, 29.68]
[882, 922, 553];[40.92, 70.58, 26.26]
[884, 396, 776];[58.72, 47.19, 45.41]
[32, 335, 869];[87.8, 59.87, 50.39]
[560, 261, 733];[51.04, 65.26, 49.29]
[945, 252, 795];[57.58, 61.34, 43.28]
[922, 135, 99];[73.13, 30.5, 34.46]
[235, 603, 861];[43.77, 50.53, 56.71]
[454, 32, 771];[15.55, 97.92, 55.18]
[435, 776, 327];[37.06, 42.36, 61.07]
[133, 866, 296];[10.22, 44.43, 61.39]
[564, 125, 303];[73.61, 60.42, 52.29]
[105, 891, 89];[76.85, 79.38, 13.47]
[296, 604, 21];[46.49, 3.62, 41.14]
[316, 780, 918];[49.66, 98.9, 48.38]
[78, 304, 28];[45.53, 19.11, 38.51]
[78, 238, 733];[51.49, 51.82, 39.87]
[23, 212, 421];[46.05, 42.9, 33.23]
[387, 972, 642];[51.89, 88.41, 33.9]
[459, 843, 755];[59.4, 81.39, 62.36]
[556, 925, 858];[34.85, 54.39, 66.68]
[889, 105, 339];[63.41, 74.05, 15.93]
[861, 976, 249];[98.65, 42.7, 53.87]
[956, 841, 342];[123.83, 102.01, 91.09]
[951, 559, 777];[57.86, 68.69, 26.84]
[238, 118, 563];[42.23, 9.22, 91.65]
[748, 865, 890];[67.1, 71.02, 59.39]
[60, 873, 760];[34.33, 77.75, 41.55]
[834, 11, 223];[106.04, 165.15, 59.13]
[2, 917, 320];[80.06, 32.0, 68.0]
[427, 561, 921];[50.2, 61.02, 58.02]
[920, 17, 567];[49.29, 51.07, 72.3]
[730, 138, 40];[53.71, 20.64, 69.11]
[556, 110, 373];[33.12, 63.91, 50.99]
[762, 17, 891];[71.38, 48.3, 73.45]
[604, 133, 338];[3.41, 11.59, 37.65]
[431, 476, 858];[54.32, 59.93, 53.05]
[147, 47, 30];[36.82, 70.73, 21.58]
[872, 256, 907];[38.82, 48.99, 84.69]
[387, 369, 836];[51.35, 42.76, 83.52]
[418, 965, 30];[69.44, 64.49, 25.3]
[858, 917, 201];[56.97, 30.13, 89.56]
[128, 412, 781];[97.03, 68.4, 51.78]
[919, 569, 832];[67.35, 55.19, 51.51]
[402, 894, 38];[34.65, 79.02, 63.67]
[22, 19, 362];[88.44, 81.45, 82.94]
[787, 727, 730];[66.52, 79.91, 99.11]
[254, 46, 273];[75.16, 87.38, 67.69]
[839, 778, 9];[17.47, -2.61, 32.95]
[363, 782, 754];[144.34, 53.27, 37.86]
[754, 644, 758];[38.91, 66.28, 50.68]
[73, 374, 335];[77.36, 108.1, 55.99]
[644, 163, 125];[62.35, 80.46, 52.96]
[160, 139, 109];[79.53, 75.21, 59.71]
[946, 273, 965];[114.76, 77.52, 60.75]
[104, 213, 843];[59.99, 31.47, 64.44]
[216, 30, 100];[95.52, 27.54, -3.35]
[163, 362, 971];[53.3, 111.06, 67.69]
[295, 469, 116];[65.4, 21.01, 56.85]
[644, 100, 703];[66.0, 4.02, 56.03]
[125, 30, 91];[54.11, 25.94, 75.17]
[777, 907, 67];[29.39, 49.97, 38.31]
[925, 133, 212];[50.67, 11.66, 38.86]
[760, 163, 142];[29.47, 64.5, 20.15]
[294, 149, 147];[75.58, 65.71, 39.04]
[304, 396, 286];[19.49, 45.28, 37.25]
[22, 882, 6];[79.49, 36.97, 73.86]
[343, 166, 435];[51.31, 54.69, 40.95]
[22, 213, 877];[76.29, 34.6, 39.4]
[945, 459, 796];[71.3, 86.97, 57.78]
[339, 448, 923];[11.41, 89.39, 31.29]
[885, 645, 133];[56.78, 23.27, 14.3]
[874, 9, 780];[64.39, 24.14, 77.73]
[890, 365, 976];[56.21, 41.52, 37.53]
[730, 249, 252];[82.51, 48.61, 85.04]
[871, 604, 757];[20.4, 1.69, 51.3]
[790, 83, 279];[6.37, 48.03, 65.03]
[475, 201, 865];[34.58, 106.83, 55.62]
[104, 140, 880];[56.06, 54.24, 20.69]
[925, 211, 320];[41.87, 66.27, 67.58]
[869, 803, 645];[44.89, 48.04, 28.31]
[327, 301, 860];[59.85, 100.88, 44.64]
[149, 369, 437];[75.78, 53.49, 42.42]
[475, 965, 37];[40.18, 55.01, 74.19]
[259, 752, 21];[39.19, 54.22, 79.61]
[329, 858, 150];[67.77, 45.37, 25.24]
[212, 67, 796];[55.21, 46.18, 50.53]
[760, 369, 931];[70.11, 58.29, 79.35]
[165, 878, 883];[100.94, 69.37, 52.06]
[362, 334, 359];[52.01, 39.97, 41.95]
[135, 732, 254];[30.08, 49.77, 60.36]
[867, 46, 291];[49.64, 63.18, 51.33]
[18, 99, 365];[53.77, 35.97, 34.84]
[928, 755, 38];[45.38, 65.95, 58.28]
[859, 421, 564];[13.14, 31.48, 90.2]
[758, 768, 149];[42.15, 12.52, 73.76]
[335, 32, 805];[65.75, 78.51, 50.56]
[6, 125, 334];[60.15, 55.39, 48.95]
[256, 763, 118];[61.28, 37.71, 19.08]
[914, 145, 775];[50.6, 55.77, 59.24]
[89, 920, 413];[13.33, 49.65, 92.74]
[294, 965, 459];[75.16, 38.47, 92.15]
[711, 30, 752];[64.39, 12.04, 57.92]
[256, 976, 733];[75.23, 26.26, 54.32]
[762, 139, 885];[73.44, 66.84, 41.62]
[794, 919, 773];[133.89, 63.93, 40.02]
[334, 564, 560];[56.97, 75.22, 36.21]
[128, 957, 304];[106.4, 68.8, 21.91]
[110, 800, 18];[87.26, 40.0, 41.86]
[603, 695, 777];[109.51, 52.04, 33.94]
[780, 451, 110];[107.64, 36.03, 85.55]
[802, 38, 8];[51.18, 57.08, 101.59]
[928, 303, 874];[47.02, 49.3, 66.8]
[945, 868, 261];[51.82, 67.39, 76.49]
[240, 711, 881];[53.91, 102.38, 50.07]
[295, 925, 312];[65.31, 52.64, 75.87]
[104, 790, 567];[58.56, 17.29, 77.88]
[318, 801, 645];[112.35, 8.44, 98.54]
[883, 775, 728];[33.68, 60.3, 76.96]
[363, 861, 20];[50.0, 43.94, 79.97]
[17, 832, 896];[52.67, 50.25, 48.07]
[644, 360, 235];[65.13, 57.63, 43.44]
[53, 436, 918];[33.3, 66.36, 42.18]
[446, 859, 139];[59.18, 8.15, 69.77]
[868, 158, 695];[43.67, 69.66, 35.91]
[877, 971, 769];[38.18, 71.9, 66.65]
[156, 30, 223];[78.6, 20.06, 55.52]
[567, 559, 128];[71.36, 61.15, 86.31]
[923, 875, 362];[35.44, 44.27, 54.14]
[931, 362, 23];[57.49, 50.38, 54.92]
[156, 793, 304];[59.81, 38.55, 20.13]
[803, 128, 140];[47.49, 85.67, 52.19]
[799, 894, 149];[74.04, 46.34, 48.79]
[841, 889, 405];[66.15, 59.06, 59.11]
[58, 705, 159];[56.74, 63.32, 91.21]
[569, 131, 109];[49.67, 12.32, 60.32]
[958, 88, 919];[74.58, 14.38, 65.47]
[223, 67, 215];[52.04, 35.73, 46.89]
[238, 67, 577];[56.03, 36.07, 69.8]
[789, 866, 951];[75.03, 51.91, 39.44]
[437, 957, 475];[51.32, 74.18, 0.57]
[253, 894, 760];[54.5, 42.02, 52.12]
[359, 965, 759];[59.86, 52.73, 53.58]
[212, 732, 645];[32.35, 47.84, 37.91]
[358, 893, 447];[47.99, 65.54, 74.24]
[147, 240, 459];[40.58, 52.77, 83.08]
[751, 895, 976];[60.39, 47.74, 36.34]
[90, 365, 251];[54.37, 22.75, 56.14]
[101, 256, 396];[3.95, 58.6, 50.79]
[110, 798, 442];[62.01, 64.0, 50.0]
[22, 800, 459];[63.93, 54.85, 49.93]
[91, 951, 113];[74.01, 50.62, 50.94]
[60, 865, 138];[31.96, 56.27, 20.7]
[9, 768, 553];[28.75, 11.58, 27.62]
[369, 802, 259];[45.29, 66.17, 42.78]
[6, 604, 805];[73.7, 3.61, 51.12]
[6, 773, 644];[68.55, 37.23, 66.16]
[29, 172, 91];[24.84, 56.82, 61.18]
[166, 23, 47];[53.11, 56.58, 72.81]
[211, 358, 765];[59.89, 52.57, 82.21]
[570, 158, 771];[42.37, 87.06, 67.61]
[703, 215, 795];[55.2, 45.01, 44.34]
[131, 790, 339];[7.33, 7.31, 1.1]
[759, 869, 771];[65.13, 50.48, 65.97]
[773, 215, 318];[37.53, 42.36, 55.34]
[781, 843, 793];[48.75, 69.58, 36.26]
[365, 833, 238];[25.7, 78.7, 41.6]
[831, 369, 58];[61.33, 32.37, 67.98]
[947, 730, 447];[53.03, 59.81, 69.16]
[139, 869, 18];[79.7, 49.5, 59.91]
[421, 338, 220];[25.88, 25.03, 40.13]
[249, 101, 374];[55.37, 5.22, 87.49]
[949, 781, 891];[43.6, 52.08, 72.84]
[972, 216, 445];[90.93, 46.2, 68.9]
[918, 800, 26];[54.67, 34.95, 1.63]
[779, 36, 892];[37.31, 44.15, 90.6]
[65, 392, 766];[63.72, 16.74, 28.68]
[312, 249, 872];[87.51, 56.18, 32.35]
[956, 781, 919];[65.86, 49.97, 57.49]
[22, 891, 447];[64.02, 72.0, 55.75]
[711, 786, 861];[49.91, 43.49, 43.49]
[396, 65, 274];[47.53, 73.12, 50.85]
[556, 446, 216];[49.94, 62.01, 42.58]
[116, 792, 179];[49.55, 65.22, 58.6]
[342, 142, 805];[79.21, 19.56, 49.26]
[872, 780, 201];[38.02, 92.49, 52.15]
[896, 861, 551];[46.49, 40.57, 88.03]
[244, 427, 758];[50.1, 49.79, 40.5]
[339, 91, 32];[11.49, 69.15, 76.87]
[780, 875, 318];[92.99, 43.56, 59.86]
[788, 793, 244];[34.43, 31.84, 43.32]
[754, 972, 889];[39.56, 76.73, 62.35]
[418, 58, 919];[66.61, 44.39, 63.01]
[448, 755, 18];[66.53, 52.8, 53.55]
[131, 802, 73];[44.44, 56.44, 77.81]
[789, 472, 762];[81.71, 80.32, 71.5]
[2, 331, 695];[60.97, 50.81, 53.5]
[551, 928, 448];[91.25, 42.93, 66.17]
[421, 920, 213];[37.77, 47.87, 36.68]
[402, 919, 435];[16.37, 70.14, 32.27]
[788, 861, 2];[39.16, 72.2, 49.12]
[436, 140, 227];[70.73, 49.9, 82.9]
[955, 801, 884];[33.93, 5.07, 58.55]
[116, 971, 956];[48.19, 76.21, 79.15]
[220, 773, 727];[27.81, 47.6, 95.62]
[442, 748, 783];[83.3, 72.82, 78.69]
[602, 760, 872];[80.97, 56.0, 42.93]
[213, 435, 475];[37.21, 45.83, 24.7]
[387, 446, 53];[46.82, 46.54, 49.49]
[803, 765, 149];[44.01, 64.01, 50.0]
[556, 951, 787];[35.31, 50.28, 52.15]
[100, 124, 880];[4.15, 66.42, 20.57]
[461, 832, 427];[53.98, 52.87, 49.94]
[872, 866, 104];[40.14, 49.24, 50.94]
[213, 20, 238];[36.13, 80.19, 66.91]
[789, 471, 89];[75.14, 23.16, 13.45]
[396, 799, 425];[49.56, 71.33, 70.44]
[840, 858, 972];[13.6, 55.72, 80.88]
[454, 11, 797];[15.13, 90.01, 60.45]
[925, 133, 55];[52.23, 18.2, 66.46]
[359, 158, 920];[48.27, 69.19, 50.66]
[32, 771, 800];[83.86, 58.99, 46.98]
[47, 158, 556];[74.43, 72.27, 38.9]
[109, 34, 36];[58.56, 94.73, 45.09]
[207, 965, 327];[15.3, 61.28, 50.82]
[775, 773, 786];[64.91, 42.99, 58.41]
[835, 533, 765];[38.14, 79.16, 67.47]
[839, 67, 733];[-4.18, 40.57, 47.8]
[46, 84, 116];[30.84, 45.71, 51.35]
[19, 951, 892];[65.09, 38.73, 57.24]
[30, 732, 139];[-4.52, 67.97, 84.61]
[570, 139, 255];[33.5, 83.63, 67.24]
[802, 801, 405];[48.04, 5.73, 64.58]
[304, 950, 138];[20.34, 55.2, 19.97]
[958, 273, 951];[79.45, 56.71, 47.94]
[318, 40, 91];[64.49, 57.8, 65.48]
[970, 55, 876];[7.53, 78.0, 69.9]
[7, 73, 763];[41.34, 64.8, 37.07]
[644, 78, 294];[68.26, 41.98, 79.28]
[296, 48, 890];[50.0, 65.88, 53.97]
[476, 58, 861];[50.09, 50.3, 43.5]
[125, 88, 145];[54.05, 1.61, 45.01]
[256, 36, 138];[47.95, 45.11, 20.55]
[412, 711, 142];[67.17, 49.6, 20.3]
[798, 931, 138];[62.31, 61.28, 21.99]
[796, 9, 946];[56.32, 34.11, 47.28]
[885, 775, 166];[47.39, 56.18, 52.36]
[320, 7, 249];[68.17, 49.79, 46.74]
[843, 788, 942];[58.39, 28.1, 47.59]
[947, 451, 946];[64.85, 21.55, 53.89]
[320, 212, 878];[67.96, 40.3, 50.16]
[796, 970, 763];[55.52, 31.73, 50.27]
[798, 885, 800];[57.35, 50.06, 46.77]
[728, 17, 7];[61.32, 48.33, 47.69]
[946, 476, 55];[58.29, 69.04, 73.28]
[22, 28, 929];[51.68, 47.43, 46.92]
[880, 207, 799];[19.91, -1.35, 66.42]
[91, 763, 754];[72.18, 49.23, 37.89]
[436, 11, 445];[70.69, 136.13, 63.12]
[803, 303, 798];[42.07, 43.22, 54.65]
[8, 425, 753];[58.7, 69.25, 70.98]
[358, 274, 768];[60.28, 78.96, 5.02]
[426, 866, 67];[23.34, 35.67, 33.06]
[369, 301, 865];[47.16, 65.67, 42.11]
[372, 867, 569];[68.47, 74.58, 34.01]
[703, 77, 929];[105.31, 63.91, 40.09]
[768, 78, 40];[3.18, 23.97, 55.24]
[138, 26, 88];[25.9, 2.13, -4.94]
[733, 893, 201];[25.96, 64.98, 101.86]
[99, 760, 294];[33.98, 26.0, 76.04]
[48, 178, 787];[65.98, 52.5, 52.37]
[254, 66, 89];[61.29, 39.28, 11.74]
[138, 87, 860];[20.63, 21.15, 44.14]
[454, 36, 560];[14.14, 45.0, 49.21]
[947, 645, 840];[51.27, 19.6, 15.56]
[261, 790, 752];[72.03, 8.07, 56.04]
[405, 318, 728];[54.42, 67.47, 67.45]
[476, 752, 435];[49.87, 58.08, 38.99]
[476, 402, 970];[47.56, 30.12, 33.22]
[109, 564, 418];[53.8, 84.52, 72.13]
[874, 160, 149];[52.62, 72.74, 58.42]
[392, 556, 249];[49.11, 52.18, 47.26]
[2, 895, 869];[73.37, 45.07, 44.55]
[461, 256, 730];[68.2, 53.51, 48.94]
[644, 109, 781];[63.46, 52.98, 46.4]
[771, 567, 877];[48.79, 70.81, 38.1]
[645, 782, 703];[30.53, 43.35, 55.39]
[836, 786, 172];[87.44, 40.86, 50.1]
[775, 955, 971];[59.6, 39.31, 75.01]
[421, 564, 755];[36.71, 70.95, 52.71]
[220, 642, 831];[33.97, 40.91, 62.14]
[870, 131, 34];[78.15, 21.01, 75.58]
[956, 469, 362];[102.36, 11.24, 58.61]
[147, 374, 776];[36.75, 80.55, 7.36]
[106, 435, 334];[51.9, 40.89, 48.43]
[553, 789, 839];[29.65, 97.49, 29.73]
[577, 733, 273];[62.83, 46.69, 58.29]
[890, 165, 359];[67.79, 49.13, 46.47]
[220, 832, 255];[33.59, 66.65, 49.52]
[261, 892, 751];[64.03, 74.02, 56.02]
[861, 166, 158];[43.57, 49.98, 62.85]
[215, 261, 213];[44.31, 64.23, 36.14]
[995, 839, 923];[50.77, 21.52, 36.41]
[928, 831, 106];[45.63, 59.11, 48.2]
[732, 101, 301];[52.8, 10.87, 60.41]
[889, 914, 91];[57.15, 52.01, 71.58]
[759, 358, 99];[55.25, 47.48, 32.64]
[178, 780, 159];[57.67, 87.26, 80.1]
[60, 645, 149];[30.74, 36.8, 47.37]
[461, 425, 995];[66.38, 72.48, 47.56]
[156, 868, 762];[79.16, 38.73, 73.12]
[876, 471, 787];[58.2, 19.35, 59.03]
[972, 146, 150];[75.58, 60.08, 21.07]
[754, 836, 752];[51.5, 80.8, 55.36]
[841, 858, 405];[57.04, 51.24, 75.44]
[476, 313, 47];[64.47, 68.93, 79.12]
[19, 28, 763];[71.72, 48.81, 43.04]
[23, 564, 782];[53.63, 94.92, 53.76]
[781, 881, 768];[54.31, 55.38, 17.19]
[907, 240, 896];[132.6, 52.66, 61.9]
[567, 301, 9];[76.93, 80.23, 47.23]
[801, 94, 878];[2.52, 64.15, 73.49]
[971, 88, 105];[88.56, 8.07, 80.82]
[950, 556, 339];[73.52, 53.83, 13.66]
[874, 362, 774];[65.2, 87.78, 82.93]
[569, 964, 567];[43.56, 73.21, 84.73]
[30, 928, 805];[9.92, 49.68, 54.03]
[890, 792, 459];[76.7, 85.77, 117.18]
[159, 976, 560];[78.78, 39.57, 42.9]
[870, 840, 331];[68.74, 18.0, 63.44]
[777, 774, 451];[29.69, 67.35, 29.89]
[373, 360, 159];[54.04, 56.19, 87.92]
[603, 22, 563];[49.61, 64.42, 88.52]
[32, 251, 878];[88.61, 65.61, 57.06]
[211, 342, 374];[57.35, 69.71, 74.58]
[866, 291, 301];[54.21, 57.94, 57.37]
[139, 564, 867];[73.61, 78.14, 50.64]
[788, 402, 882];[31.04, 29.07, 35.73]
[372, 870, 166];[68.82, 66.6, 52.92]
[760, 577, 160];[29.45, 54.51, 71.71]
[872, 787, 569];[42.68, 57.1, 36.18]
[779, 469, 873];[45.44, 17.31, 66.19]
[860, 28, 564];[66.69, 28.86, 66.34]
[948, 373, 533];[56.36, 54.08, 80.47]
[251, 965, 337];[67.29, 48.02, 51.73]
[116, 925, 249];[47.34, 53.49, 52.76]
[165, 329, 35];[53.24, 59.78, 99.1]
[351, 30, 561];[82.98, 24.19, 62.23]
[427, 101, 732];[56.61, 10.16, 51.4]
[2, 957, 363];[80.63, 74.23, 56.36]
[728, 642, 147];[74.7, 33.61, 32.81]
[459, 156, 876];[53.52, 76.69, 58.16]
[255, 798, 27];[57.15, 66.1, 18.86]
[801, 261, 780];[9.11, 58.76, 99.13]
[320, 788, 454];[72.65, 28.46, 16.97]
[116, 774, 235];[48.69, 77.78, 55.01]
[437, 73, 842];[49.49, 75.33, 28.51]
[792, 775, 77];[71.34, 66.83, 55.75]
[335, 711, 220];[58.32, 107.11, 34.34]
[427, 436, 374];[49.9, 65.01, 67.99]
[363, 891, 172];[50.65, 72.24, 50.34]
[166, 972, 179];[46.96, 74.3, 64.07]
[99, 469, 160];[30.93, 21.98, 65.77]
[216, 727, 276];[41.83, 54.17, 45.99]
[995, 554, 279];[47.06, 66.09, 68.33]
[464, 567, 757];[44.07, 72.49, 49.89]
[880, 889, 577];[20.24, 56.62, 52.09]
[338, 570, 220];[33.25, 40.55, 43.8]
[792, 435, 131];[60.04, 42.48, 16.85]
[780, 461, 768];[79.04, 61.48, 12.86]
[362, 48, 273];[55.97, 66.91, 55.96]
[30, 53, 448];[28.49, 31.77, 67.72]
[928, 418, 873];[45.46, 69.88, 60.76]
[207, 758, 748];[14.5, 40.66, 51.46]
[99, 166, 866];[31.66, 48.69, 44.85]
[179, 972, 426];[64.76, 72.83, 24.48]
[760, 951, 179];[28.12, 54.02, 66.88]
[286, 146, 464];[21.68, 62.41, 44.09]
[253, 20, 464];[52.99, 79.47, 43.14]
[113, 947, 249];[62.85, 62.34, 54.99]
[945, 801, 28];[64.73, 19.66, 42.99]
[138, 84, 769];[22.58, 9.5, 80.83]
[569, 870, 18];[38.19, 84.76, 51.35]
[553, 757, 950];[28.42, 46.31, 56.51]
[32, 116, 727];[80.6, 48.66, 69.46]
[890, 914, 454];[49.96, 55.35, 18.62]
[881, 303, 832];[63.24, 42.94, 67.97]
[341, 343, 834];[43.83, 48.78, 71.62]
[294, 566, 793];[71.57, 53.45, 29.37]
[843, 110, 279];[60.0, 62.01, 68.01]
[893, 100, 259];[67.94, 4.2, 47.46]
[413, 947, 442];[51.27, 51.6, 50.24]
[972, 261, 871];[73.97, 64.73, 24.07]
[777, 331, 365];[28.86, 63.52, 33.34]
[369, 929, 84];[44.89, 48.13, 4.33]
[798, 461, 928];[61.62, 58.94, 46.1]
[179, 140, 358];[60.46, 53.09, 48.11]
[40, 976, 871];[67.29, 34.03, 17.95]
[881, 923, 861];[60.0, 36.65, 59.52]
[133, 26, 372];[10.49, 9.25, 60.02]
[100, 67, 768];[5.19, 43.54, 12.99]
[958, 320, 351];[61.25, 73.78, 63.44]
[124, 533, 426];[70.37, 82.61, 27.63]
[730, 343, 774];[58.67, 57.12, 85.18]
[273, 860, 842];[53.07, 55.74, 21.26]
[942, 881, 868];[53.75, 61.95, 39.19]
[768, 318, 867];[10.43, 68.0, 49.68]
[896, 604, 172];[51.33, 3.24, 61.31]
[403, 802, 227];[57.46, 58.32, 81.75]
[800, 274, 461];[37.95, 73.07, 79.32]
[292, 733, 917];[7.54, 49.45, 23.44]
[868, 569, 91];[37.76, 36.76, 71.71]
[448, 342, 211];[69.59, 78.22, 77.79]
[46, 286, 259];[50.72, 11.33, 29.46]
[893, 369, 128];[66.73, 33.98, 96.83]
[337, 878, 760];[56.25, 65.32, 46.42]
[921, 451, 341];[65.77, 32.64, 40.68]
[303, 339, 58];[52.44, 11.55, 49.32]
[435, 925, 341];[39.41, 45.66, 40.16]
[55, 883, 405];[57.91, 61.91, 56.02]
[21, 338, 459];[48.91, 36.04, 50.12]
[464, 252, 331];[43.47, 58.9, 63.42]
[373, 471, 762];[51.87, 19.76, 70.78]
[865, 341, 279];[57.59, 43.08, 67.6]
[799, 303, 159];[69.71, 45.44, 87.1]
[118, 38, 113];[36.15, 62.17, 58.24]
[833, 972, 859];[60.45, 74.4, 10.44]
[880, 431, 798];[20.98, 54.91, 61.32]
[877, 564, 788];[37.22, 82.36, 29.88]
[948, 215, 965];[59.5, 43.39, 48.15]
[798, 65, 800];[69.69, 62.9, 41.87]
[227, 425, 797];[77.79, 69.87, 57.18]
[21, 765, 766];[45.62, 85.36, 60.0]
[337, 711, 763];[49.52, 81.07, 43.38]
[880, 826, 871];[18.97, 26.66, 16.31]
[893, 238, 286];[66.25, 49.82, 8.14]
[211, 645, 207];[67.07, 48.02, 19.03]
[553, 405, 276];[36.77, 72.76, 48.05]
[889, 777, 47];[77.43, 25.82, 81.31]
[781, 435, 89];[53.52, 42.53, 10.32]
[881, 403, 402];[60.21, 55.24, 26.7]
[794, 759, 566];[139.22, 83.56, 41.41]
[273, 602, 461];[89.89, 82.48, 83.47]
[894, 160, 947];[35.77, 65.89, 88.59]
[318, 131, 749];[74.06, 8.78, 80.82]
[227, 166, 929];[78.58, 56.84, 41.39]
[139, 831, 256];[79.88, 44.52, 67.84]
[48, 139, 65];[70.44, 78.84, 48.83]
[150, 644, 2];[19.79, 68.57, 84.71]
[32, 831, 796];[87.96, 59.63, 59.99]
[207, 892, 878];[16.16, 70.83, 56.75]
[46, 892, 771];[49.6, 65.7, 52.82]
[99, 179, 793];[33.01, 55.8, 35.71]
[448, 251, 259];[69.26, 59.9, 34.43]
[757, 866, 920];[54.47, 41.59, 47.03]
[426, 843, 867];[27.29, 63.46, 58.05]
[794, 751, 159];[120.01, 61.8, 86.18]
[26, 861, 461];[11.46, 77.62, 69.63]
[373, 133, 60];[47.93, 14.69, 33.18]
[238, 273, 780];[51.77, 64.99, 82.53]
[799, 244, 843];[60.54, 55.76, 76.7]
[733, 752, 889];[42.72, 55.97, 70.94]
[318, 89, 892];[83.4, 7.11, 58.4]
[138, 7, 360];[18.84, 49.42, 66.29]
[160, 645, 83];[79.41, 35.41, 63.85]
[461, 907, 276];[84.78, 84.51, 49.89]
[358, 645, 110];[50.79, 33.05, 73.24]
[358, 861, 53];[52.11, 118.75, 54.97]
[787, 213, 603];[62.21, 27.71, 40.86]
[604, 125, 564];[1.72, 59.69, 81.57]
[313, 149, 831];[69.89, 53.35, 84.03]
[109, 83, 918];[73.36, 60.8, 40.03]
[301, 294, 436];[57.7, 63.23, 70.2]
[762, 754, 884];[67.95, 41.2, 59.4]
[53, 227, 603];[61.16, 81.21, 53.8]
[883, 133, 917];[50.91, 15.86, 17.43]
[755, 374, 147];[46.09, 113.63, 32.1]
[923, 802, 602];[34.6, 52.23, 60.62]
[790, 396, 791];[6.07, 38.88, 36.74]
[219, 556, 22];[32.08, 35.94, 64.02]
[67, 907, 792];[37.25, 66.59, 58.63]
[758, 32, 316];[42.18, 87.91, 50.33]
[469, 564, 37];[20.73, 81.93, 66.23]
[771, 931, 799];[53.43, 71.83, 69.12]
[331, 695, 877];[52.47, 34.23, 39.42]
[303, 705, 30];[47.94, 66.93, 6.55]
[914, 771, 883];[52.29, 57.94, 46.69]
[124, 179, 789];[66.11, 53.36, 78.1]
[304, 768, 339];[25.11, 15.14, 14.08]
[337, 101, 312];[51.76, 14.65, 74.8]
[866, 794, 556];[67.7, 121.06, 43.01]
[135, 160, 32];[39.15, 74.12, 64.8]
[805, 795, 23];[50.29, 42.19, 52.02]
[794, 23, 201];[118.89, 36.51, 77.52]
[920, 19, 878];[47.29, 73.32, 60.57]
[335, 836, 763];[53.81, 97.9, 30.59]
[471, 339, 362];[26.22, 15.11, 81.61]
[776, 880, 362];[28.73, 27.41, 75.16]
[341, 797, 805];[44.69, 51.85, 54.75]
[26, 149, 796];[14.39, 67.83, 47.12]
[867, 948, 22];[52.53, 76.56, 79.86]
[35, 21, 790];[88.2, 56.37, 19.43]
[426, 402, 873];[50.14, 18.21, 102.74]
[372, 730, 448];[79.99, 105.47, 91.6]
[476, 425, 874];[99.61, 71.44, 56.62]
[447, 893, 291];[79.35, 69.94, 36.51]
[920, 733, 421];[55.71, 59.11, 43.73]
[946, 11, 755];[111.98, 124.97, 93.18]
[313, 359, 564];[96.61, 67.24, 60.12]
[958, 446, 88];[58.0, 65.09, 2.0]
[227, 53, 172];[77.14, 30.12, 49.77]
[798, 335, 53];[61.72, 59.61, 31.2]
[795, 787, 577];[43.34, 54.44, 49.97]
[964, 602, 313];[54.07, 57.64, 58.91]
[751, 286, 304];[57.61, 16.76, 20.48]
[37, 577, 65];[64.36, 47.35, 64.84]
[295, 791, 351];[64.06, 39.17, 64.14]
[942, 920, 732];[48.3, 51.29, 55.52]
[472, 956, 244];[68.62, 36.64, 53.48]
[561, 895, 318];[55.38, 49.53, 62.04]
[760, 805, 794];[30.81, 48.91, 119.18]
[801, 20, 754];[13.26, 67.05, 39.4]
[711, 201, 46];[77.2, 54.11, 43.66]
[773, 570, 294];[46.72, 48.53, 82.92]
[803, 32, 292];[58.33, 69.14, 11.91]
[99, 426, 956];[33.11, 30.16, 55.78]
[138, 412, 563];[23.75, 82.41, 107.82]
[948, 413, 749];[65.91, 57.93, 81.24]
[774, 78, 461];[81.49, 46.43, 87.96]
[833, 274, 227];[86.67, 63.02, 87.34]
[567, 128, 339];[76.33, 96.83, 7.84]
[880, 917, 320];[18.24, 10.77, 74.42]
[18, 705, 106];[53.84, 59.36, 59.13]
[304, 128, 60];[19.79, 100.57, 29.73]
[840, 273, 643];[19.63, 62.58, 53.57]
[338, 37, 22];[35.35, 57.45, 84.05]
[34, 771, 561];[74.05, 69.43, 50.72]
[19, 765, 104];[69.91, 64.12, 53.81]
[21, 147, 329];[23.76, 15.47, 70.06]
[560, 792, 448];[49.91, 58.04, 66.0]
[799, 805, 166];[71.85, 51.66, 50.66]
[781, 48, 867];[48.07, 65.82, 65.67]
[880, 752, 771];[20.39, 56.77, 53.18]
[11, 149, 227];[95.55, 49.27, 75.52]
[867, 426, 360];[67.28, 25.3, 56.49]
[907, 790, 869];[67.53, 6.13, 45.76]
[789, 800, 871];[77.42, 51.08, 23.81]
[464, 948, 950];[41.1, 64.56, 80.1]
[782, 294, 219];[47.16, 74.99, 29.99]
[48, 469, 553];[64.82, 18.3, 51.04]
[951, 261, 749];[54.39, 82.36, 66.87]
[227, 166, 26];[78.33, 54.24, 9.43]
[773, 274, 88];[49.94, 61.74, 0.84]
[362, 777, 875];[76.15, 29.34, 47.31]
[255, 892, 83];[48.64, 73.91, 51.85]
[860, 766, 147];[49.48, 65.72, 36.19]
[435, 90, 476];[41.42, 53.39, 79.51]
[362, 110, 240];[72.33, 83.24, 64.13]
[104, 351, 146];[52.92, 79.27, 60.5]
[643, 871, 405];[34.03, 18.49, 75.49]
[445, 65, 403];[63.07, 61.75, 47.57]
[235, 891, 730];[79.65, 70.31, 89.61]
[946, 832, 965];[89.89, 51.29, 58.84]
[365, 942, 337];[43.88, 76.25, 57.9]
[476, 316, 794];[90.08, 68.5, 134.36]
[211, 778, 359];[69.75, 25.04, 59.69]
[38, 872, 891];[62.06, 33.58, 73.35]
[110, 917, 179];[70.41, 27.94, 62.19]
[261, 553, 436];[91.64, 82.4, 71.31]
[645, 279, 570];[30.05, 68.01, 37.98]
[920, 110, 104];[50.02, 62.34, 49.88]
[787, 840, 313];[53.36, 16.74, 58.61]
[556, 20, 451];[33.97, 79.94, 31.65]
[329, 831, 766];[53.17, 57.84, 58.4]
[201, 602, 421];[59.02, 58.91, 33.06]
[965, 28, 876];[53.97, 37.37, 58.09]
[279, 950, 363];[66.9, 59.99, 64.77]
[789, 34, 165];[76.24, 83.46, 69.58]
[124, 18, 405];[68.95, 52.62, 63.83]
[427, 28, 753];[48.63, 45.26, 58.82]
[18, 475, 327];[52.7, 18.78, 54.24]
[113, 885, 138];[55.91, 50.12, 25.69]
[920, 172, 435];[49.46, 53.87, 44.61]
[834, 765, 643];[70.71, 88.04, 32.1]
[464, 779, 923];[41.96, 38.22, 34.35]
[751, 644, 871];[74.92, 63.97, 18.32]
[880, 604, 751];[20.25, 2.72, 70.7]
[795, 759, 773];[47.48, 58.59, 41.03]
[732, 890, 362];[61.2, 51.63, 68.33]
[894, 957, 421];[53.72, 68.72, 35.8]
[259, 100, 38];[41.12, 3.9, 62.01]
[461, 106, 276];[81.26, 46.82, 51.87]
[158, 836, 475];[78.38, 114.41, 19.12]
[946, 869, 894];[63.39, 53.1, 60.73]
[387, 858, 769];[60.57, 56.2, 95.34]
[703, 763, 100];[75.36, 51.88, -0.55]
[799, 642, 643];[71.69, 35.79, 39.85]
[826, 65, 882];[21.78, 64.39, 40.0]
[836, 877, 105];[128.71, 40.25, 89.66]
[211, 773, 256];[50.01, 40.01, 50.03]
[461, 156, 914];[51.63, 78.49, 39.83]
[836, 343, 116];[54.93, 53.03, 50.33]
[732, 800, 125];[52.6, 58.4, 56.51]
[296, 220, 259];[56.33, 43.44, 46.86]
[931, 880, 921];[61.36, 23.29, 61.14]
[28, 292, 145];[39.34, 14.41, 52.68]
[778, 11, 463];[3.49, 104.66, 62.15]
[125, 875, 791];[57.19, 52.52, 43.22]
[18, 551, 774];[55.37, 79.78, 74.9]
[875, 312, 732];[53.08, 76.02, 53.35]
[374, 705, 554];[77.7, 69.05, 65.41]
[840, 895, 861];[23.45, 53.04, 59.27]
[215, 733, 106];[43.74, 51.04, 47.53]
[469, 970, 570];[14.18, 27.87, 31.7]
[971, 139, 889];[75.96, 69.05, 62.57]
[211, 645, 238];[54.26, 40.0, 63.08]
[946, 733, 216];[66.04, 46.43, 55.89]
[261, 861, 839];[65.19, 51.54, 18.62]
[301, 946, 294];[71.14, 54.25, 88.29]
[891, 402, 215];[71.52, 22.91, 40.32]
[791, 27, 67];[41.09, 23.99, 32.27]
[766, 783, 949];[58.55, 74.14, 167.52]
[877, 604, 554];[39.61, 7.92, 61.23]
[705, 235, 286];[72.33, 80.19, 29.99]
[703, 178, 791];[93.13, 101.15, 39.82]
[150, 765, 794];[26.08, 92.37, 105.05]
[705, 105, 890];[70.17, 94.12, 64.29]
[135, 603, 335];[43.48, 70.69, 63.97]
[212, 23, 865];[48.42, 55.41, 46.15]
[421, 566, 793];[31.99, 40.0, 36.02]
[551, 255, 754];[71.45, 46.07, 38.6]
[303, 964, 342];[46.46, 55.71, 70.08]
[645, 871, 891];[50.33, 23.59, 72.38]
[73, 105, 873];[82.83, 82.22, 59.19]
[469, 343, 402];[21.37, 52.66, 33.06]
[798, 36, 294];[62.38, 45.65, 82.12]
[920, 446, 427];[51.37, 66.36, 52.36]
[19, 65, 642];[80.03, 65.58, 39.36]
[773, 919, 894];[40.03, 65.71, 44.33]
[87, 880, 945];[21.21, 18.65, 49.1]
[149, 786, 286];[39.35, 51.1, 9.67]
[896, 89, 695];[42.26, 11.97, 41.85]
[703, 337, 358];[85.07, 49.97, 51.43]
[463, 337, 880];[38.4, 49.69, 19.0]
[925, 921, 213];[39.06, 52.69, 34.18]
[373, 955, 645];[43.52, 28.77, 44.03]
[138, 343, 788];[28.32, 20.75, 40.62]
[339, 564, 73];[15.86, 99.64, 71.49]
[730, 753, 645];[49.83, 57.6, 51.2]
[758, 105, 447];[36.17, 76.66, 55.69]
[795, 798, 945];[51.26, 91.34, 26.14]
[313, 11, 211];[88.16, 101.56, 58.68]
[779, 341, 78];[27.89, 41.38, 26.83]
[427, 146, 798];[44.47, 54.5, 88.32]
[166, 58, 995];[75.19, 34.42, 82.61]
[338, 566, 892];[48.23, 35.3, 46.28]
[948, 23, 163];[53.56, 52.79, 77.88]
[362, 893, 99];[48.2, 63.07, 39.35]
[58, 775, 425];[29.04, 73.02, 66.5]
[259, 90, 78];[47.92, 51.75, 40.01]
[166, 730, 749];[50.12, 49.97, 65.58]
[472, 334, 799];[65.22, 41.08, 71.74]
[454, 142, 472];[13.97, 20.09, 66.1]
[2, 418, 788];[79.31, 68.64, 31.84]
[212, 836, 158];[38.63, 62.92, 67.58]
[46, 875, 778];[47.84, 41.33, 15.64]
[790, 757, 914];[6.84, 49.46, 51.74]
[40, 730, 131];[79.99, 55.09, 20.04]
[569, 728, 223];[52.82, 71.41, 61.15]
[874, 461, 253];[47.86, 79.8, 46.13]
[566, 834, 800];[41.41, 77.1, 46.43]
[113, 53, 160];[69.66, 46.13, 85.04]
[831, 369, 949];[63.25, 44.49, 61.01]
[445, 447, 695];[61.64, 61.82, 31.98]
[563, 165, 91];[95.47, 84.36, 70.31]
[11, 363, 783];[141.96, 79.01, 85.03]
[7, 970, 798];[48.04, 22.64, 51.94]
[109, 929, 925];[68.57, 38.7, 55.63]
[945, 951, 60];[52.69, 53.13, 33.3]
[392, 890, 421];[50.92, 63.59, 20.54]
[793, 781, 835];[17.85, 51.43, 29.68]
[99, 461, 436];[15.67, 77.37, 75.82]
[405, 251, 431];[61.37, 62.16, 70.32]
[442, 19, 881];[101.57, 76.79, 65.97]
[405, 758, 567];[76.0, 45.61, 79.76]
[774, 918, 776];[92.25, 42.63, 71.73]
[254, 604, 728];[81.32, 0.91, 75.22]
[570, 256, 800];[31.15, 81.27, 31.09]
[566, 341, 972];[52.81, 39.17, 82.67]
[461, 861, 727];[50.0, 43.94, 50.0]
[89, 918, 343];[11.98, 42.14, 52.52]
[865, 255, 781];[56.39, 47.91, 48.17]
[918, 67, 73];[42.64, 38.19, 82.33]
[387, 55, 950];[46.85, 61.59, 50.7]
[35, 872, 304];[87.34, 39.45, 19.32]
[803, 65, 7];[45.59, 75.6, 50.51]
[374, 77, 791];[80.4, 50.47, 42.13]
[77, 252, 965];[48.62, 61.34, 56.37]
[220, 342, 752];[39.33, 69.62, 60.7]
[78, 865, 751];[40.31, 56.94, 58.16]
[341, 365, 840];[45.19, 32.02, 20.24]
[928, 778, 392];[43.94, 15.39, 46.6]
[751, 475, 893];[59.31, 8.55, 68.91]
[464, 135, 858];[42.65, 30.35, 57.77]
[796, 471, 304];[58.45, 18.68, 22.09]
[995, 907, 459];[48.43, 66.34, 49.55]
[778, 891, 759];[11.58, 74.12, 54.02]
[871, 27, 343];[21.13, 18.85, 23.97]
[604, 971, 892];[2.37, 72.02, 74.05]
[158, 972, 896];[85.38, 93.63, 48.33]
[358, 475, 923];[64.98, 24.06, 34.51]
[238, 286, 276];[79.47, 33.49, 50.83]
[30, 946, 374];[22.36, 90.17, 84.46]
[876, 795, 274];[56.21, 40.83, 62.19]
[942, 560, 261];[85.68, 63.81, 70.41]
[17, 889, 337];[55.81, 64.64, 55.83]
[427, 413, 931];[58.53, 115.93, 72.79]
[373, 801, 778];[59.3, 9.44, 12.61]
[8, 970, 773];[68.42, 26.37, 46.75]
[563, 859, 447];[88.0, 14.0, 55.75]
[874, 800, 147];[41.94, 59.73, 38.27]
[889, 958, 425];[55.24, 58.36, 70.64]
[261, 556, 577];[65.78, 34.02, 49.02]
[755, 970, 882];[56.17, 33.25, 35.54]
[476, 18, 781];[55.99, 51.03, 49.56]
[442, 955, 907];[59.43, 37.87, 65.95]
[776, 727, 335];[61.99, 60.91, 57.59]
[301, 159, 201];[80.03, 88.9, 66.08]
[931, 834, 21];[77.62, 66.31, 67.62]
[178, 783, 602];[74.82, 78.21, 58.79]
[90, 19, 113];[51.21, 78.97, 65.61]
[150, 834, 796];[18.1, 59.4, 51.02]
[396, 341, 795];[48.04, 39.22, 37.94]
[995, 147, 172];[57.47, 31.21, 64.62]
[768, 872, 893];[9.16, 55.77, 64.42]
[7, 427, 26];[48.03, 50.96, 5.76]
[294, 201, 866];[72.95, 73.55, 63.86]
[454, 26, 843];[13.62, 6.13, 54.33]
[292, 873, 252];[8.76, 82.52, 81.24]
[893, 561, 402];[60.58, 89.0, 24.76]
[21, 447, 296];[70.21, 60.42, 76.92]
[88, 254, 146];[-6.01, 79.53, 60.14]
[46, 2, 793];[77.27, 81.81, 25.84]
[73, 131, 252];[70.53, 4.24, 72.46]
[179, 113, 893];[53.63, 95.44, 64.61]
[794, 255, 22];[126.47, 50.22, 116.83]
[564, 965, 797];[63.33, 50.49, 54.9]
[475, 881, 917];[31.21, 53.43, 12.27]
[872, 418, 779];[69.26, 97.88, 63.04]
[917, 790, 448];[32.0, 8.04, 66.0]
[2, 446, 577];[80.2, 64.82, 47.15]
[160, 46, 413];[66.73, 58.78, 56.85]
[7, 865, 563];[51.63, 56.78, 88.16]
[907, 46, 776];[66.68, 57.16, 51.98]
[918, 642, 99];[41.88, 30.18, 33.03]
[787, 895, 412];[57.52, 47.06, 71.18]
[292, 320, 252];[10.93, 65.81, 64.65]
[446, 840, 563];[62.41, 10.81, 80.31]
[35, 220, 445];[93.31, 46.09, 54.13]
[783, 754, 327];[81.54, 29.28, 50.28]
[156, 38, 917];[100.65, 70.01, 33.07]
[90, 426, 890];[57.76, 42.17, 60.53]
[160, 643, 29];[66.26, 32.06, 29.04]
[113, 295, 881];[78.72, 58.28, 68.93]
[569, 956, 235];[35.0, 85.61, 73.65]
[276, 766, 73];[35.8, 63.24, 75.7]
[259, 925, 413];[44.2, 60.52, 91.24]
[46, 833, 762];[49.88, 91.83, 65.96]
[125, 403, 461];[71.86, 64.16, 120.52]
[244, 763, 561];[62.89, 51.61, 86.92]
[91, 949, 124];[80.28, 139.65, 82.53]
[567, 730, 447];[65.43, 110.15, 63.05]
[116, 131, 104];[56.92, 20.6, 69.72]
[238, 55, 732];[109.93, 73.91, 61.65]
[870, 727, 105];[90.32, 115.6, 74.3]
[329, 733, 832];[66.54, 95.48, 48.59]
[475, 403, 116];[59.36, 65.31, 58.82]
[644, 832, 125];[58.41, 47.87, 67.23]
[342, 946, 253];[70.7, 136.42, 44.69]
[238, 442, 754];[50.03, 50.0, 39.98]
[55, 896, 87];[57.15, 48.36, 21.7]
[35, 60, 38];[85.92, 34.73, 56.79]
[826, 914, 91];[31.58, 40.52, 74.67]
[946, 88, 778];[56.57, 0.92, 14.13]
[914, 341, 796];[40.7, 45.85, 62.05]
[454, 158, 146];[14.02, 71.46, 55.58]
[732, 768, 454];[50.82, 12.14, 14.27]
[106, 20, 360];[48.25, 77.11, 58.34]
[461, 858, 711];[77.03, 54.63, 65.03]
[842, 751, 442];[27.77, 62.98, 95.19]
[327, 643, 786];[52.44, 33.17, 47.63]
[223, 94, 273];[78.3, 66.8, 62.73]
[133, 327, 834];[12.58, 48.8, 68.32]
[763, 874, 949];[48.6, 42.27, 118.42]
[695, 918, 779];[35.37, 47.7, 42.39]
[99, 955, 476];[32.45, 31.4, 67.96]
[775, 341, 787];[72.42, 44.07, 57.54]
[569, 396, 17];[51.46, 50.84, 50.78]
[251, 748, 769];[70.26, 60.5, 80.91]
[261, 426, 46];[65.37, 52.6, 81.31]
[252, 890, 47];[65.97, 62.99, 75.34]
[875, 463, 67];[50.5, 60.39, 44.57]
[566, 836, 145];[37.42, 131.89, 52.87]
[878, 883, 11];[67.61, 53.74, 121.18]
[403, 329, 948];[62.92, 71.5, 71.45]
[147, 754, 802];[31.26, 42.98, 63.37]
[58, 253, 760];[55.29, 45.1, 44.58]
[866, 83, 296];[92.03, 50.42, 77.25]
[166, 461, 413];[62.1, 139.9, 145.6]
[644, 780, 802];[66.0, 80.01, 67.99]
[334, 965, 84];[40.32, 57.9, 0.29]
[99, 178, 758];[33.95, 53.07, 41.7]
[869, 955, 279];[45.96, 37.28, 67.75]
[957, 570, 220];[73.98, 44.08, 41.92]
[363, 787, 976];[65.29, 53.66, 39.06]
[877, 760, 874];[37.24, 30.78, 52.85]
[17, 472, 101];[55.51, 67.37, 11.03]
[372, 279, 884];[59.79, 68.22, 61.49]
[351, 358, 145];[59.08, 61.58, 51.66]
[118, 805, 365];[35.28, 51.48, 36.63]
[787, 891, 334];[60.66, 81.85, 48.96]
[786, 942, 895];[49.99, 61.49, 45.81]
[559, 140, 437];[67.17, 52.82, 57.01]
[276, 884, 291];[49.33, 64.93, 50.88]
[365, 559, 359];[38.82, 59.09, 52.38]
[318, 7, 931];[73.42, 48.02, 76.53]
[803, 338, 795];[40.78, 46.02, 34.23]
[793, 841, 950];[29.24, 69.36, 73.84]
[751, 67, 752];[80.04, 49.05, 54.5]
[87, 760, 252];[11.61, 43.93, 74.89]
[145, 642, 273];[56.06, 28.93, 60.59]
[304, 754, 207];[20.9, 32.43, 22.16]
[560, 892, 313];[75.64, 71.6, 72.29]
[296, 567, 351];[70.04, 62.66, 69.91]
[23, 779, 90];[48.72, 54.55, 55.15]
[760, 113, 425];[44.87, 71.84, 66.88]
[149, 273, 778];[77.76, 67.67, 5.36]
[476, 213, 291];[66.5, 26.59, 54.28]
[794, 727, 35];[128.26, 87.74, 87.0]
[396, 373, 948];[47.92, 53.82, 50.0]
[55, 318, 28];[59.77, 56.4, 30.39]
[877, 454, 23];[35.8, 13.7, 48.4]
[29, 451, 90];[22.47, 31.91, 51.71]
[29, 787, 318];[22.74, 55.13, 58.82]
[561, 790, 832];[67.75, 6.06, 51.57]
[37, 893, 286];[67.48, 69.6, 23.46]
[118, 65, 29];[27.09, 75.43, 23.45]
[318, 859, 32];[59.7, 9.36, 86.07]
[860, 359, 602];[65.52, 49.31, 58.0]
[163, 292, 780];[66.14, 10.81, 85.68]
[868, 732, 970];[43.87, 54.55, 22.45]
[577, 861, 402];[61.71, 72.57, 25.0]
[17, 235, 21];[49.66, 49.23, 49.27]
[870, 446, 425];[75.37, 48.36, 70.72]
[304, 40, 868];[20.25, 97.17, 47.45]
[570, 773, 252];[40.02, 40.69, 74.4]
[792, 896, 359];[80.73, 50.66, 55.98]
[139, 106, 788];[80.55, 51.98, 26.23]
[313, 703, 359];[71.15, 68.61, 56.45]
[880, 914, 566];[17.95, 102.5, 38.64]
[109, 327, 156];[70.05, 58.71, 80.66]
[931, 604, 259];[47.15, 2.9, 34.02]
[27, 172, 163];[46.09, 60.2, 63.23]
[331, 124, 172];[53.06, 76.86, 65.94]
[878, 890, 255];[62.36, 80.21, 60.91]
[358, 950, 219];[58.42, 69.45, 32.61]
[100, 331, 891];[6.04, 53.29, 81.14]
[436, 836, 835];[77.09, 108.36, 43.32]
[73, 872, 759];[78.9, 36.85, 82.9]
[341, 645, 703];[43.94, 30.05, 56.03]
[757, 797, 765];[49.6, 71.1, 63.96]
[891, 793, 885];[71.9, 36.28, 54.38]
[751, 786, 964];[56.51, 60.34, 55.41]
[251, 889, 37];[66.04, 54.22, 66.71]
[883, 773, 402];[57.78, 37.57, 29.82]
[861, 885, 791];[41.34, 47.34, 50.78]
[464, 329, 865];[37.64, 52.62, 56.0]
[925, 893, 374];[44.06, 66.92, 76.42]
[316, 338, 106];[50.68, 32.57, 53.49]
[66, 787, 22];[33.05, 63.9, 54.91]
[11, 337, 35];[97.03, 49.93, 82.32]
[313, 866, 471];[55.52, 45.73, 16.12]
[150, 475, 949];[16.16, 7.03, 43.8]
[273, 22, 793];[49.78, 69.72, 31.95]
[19, 921, 55];[75.62, 42.84, 58.69]
[396, 158, 147];[42.03, 62.81, 31.38]
[711, 27, 2];[46.76, 14.07, 74.81]
[796, 781, 778];[49.83, 38.02, 31.36]
[769, 971, 99];[69.18, 55.2, 21.56]
[945, 87, 923];[63.99, 8.71, 21.73]
[235, 23, 351];[61.32, 53.29, 67.22]
[643, 8, 316];[20.31, 64.31, 56.66]
[793, 890, 331];[23.77, 65.3, 46.64]
[334, 431, 889];[40.85, 55.46, 58.64]
[235, 577, 436];[69.86, 69.08, 83.6]
[995, 396, 925];[41.7, 51.76, 41.42]
[463, 882, 48];[52.81, 50.53, 71.01]
[774, 118, 874];[96.44, 2.98, 58.08]
[83, 254, 142];[55.38, 62.65, 8.91]
[949, 566, 602];[50.15, 40.0, 53.96]
[313, 100, 749];[57.78, 4.05, 65.5]
[970, 826, 21];[35.74, 27.61, 50.96]
[876, 172, 873];[58.3, 50.4, 59.13]
[295, 426, 843];[63.05, 23.92, 60.01]
[9, 789, 781];[29.25, 76.83, 48.28]
[402, 551, 776];[30.47, 72.68, 43.63]
[882, 273, 387];[39.42, 51.85, 47.89]
[563, 553, 38];[87.65, 21.93, 59.33]
[858, 128, 870];[53.71, 78.35, 68.22]
[642, 83, 533];[35.95, 37.87, 77.24]
[801, 705, 753];[22.7, 63.88, 56.15]
[559, 972, 99];[55.57, 72.32, 35.7]
[914, 90, 797];[36.79, 51.06, 65.21]
[251, 53, 66];[69.31, 30.24, 29.5]
[803, 91, 106];[46.09, 66.18, 48.59]
[533, 554, 28];[84.78, 65.09, 25.23]
[139, 447, 790];[68.29, 59.54, 15.46]
[922, 566, 461];[62.88, 36.07, 73.55]
[101, 914, 166];[10.15, 35.22, 51.41]
[797, 783, 801];[55.52, 78.23, 12.97]
[783, 865, 788];[64.75, 55.2, 39.32]
[642, 387, 894];[43.63, 45.5, 43.48]
[413, 463, 865];[87.49, 38.55, 71.37]
[604, 795, 836];[13.2, 39.48, 125.73]
[437, 318, 251];[52.95, 56.74, 71.04]
[783, 776, 928];[58.39, 36.95, 64.52]
[48, 834, 464];[87.44, 60.65, 44.23]
[17, 843, 832];[56.55, 88.46, 61.12]
[748, 553, 766];[72.36, 35.76, 56.21]
[760, 316, 832];[26.0, 50.0, 49.97]
[2, 358, 254];[80.49, 44.52, 60.24]
[165, 929, 752];[60.57, 48.32, 56.71]
[793, 109, 20];[36.83, 58.57, 77.62]
[66, 919, 790];[32.71, 64.63, 5.92]
[733, 446, 751];[46.33, 58.39, 56.04]
[758, 842, 877];[42.31, 16.76, 37.17]
[768, 874, 533];[11.82, 38.74, 83.08]
[771, 727, 327];[54.42, 58.88, 53.9]
[971, 17, 316];[71.93, 46.45, 46.22]
[113, 23, 37];[57.08, 52.45, 64.52]
[802, 113, 365];[55.82, 61.54, 31.78]
[165, 833, 40];[61.28, 73.83, 73.75]
[775, 318, 476];[69.36, 58.16, 57.07]
[40, 566, 758];[76.76, 45.01, 29.11]
[343, 643, 949];[61.94, 30.42, 42.71]
[316, 220, 365];[57.72, 43.04, 36.88]
[219, 780, 8];[20.09, 86.9, 73.03]
[427, 374, 872];[50.42, 95.46, 39.22]
[749, 48, 341];[72.11, 66.59, 53.71]
[832, 858, 67];[40.77, 52.62, 33.27]
[972, 942, 113];[86.65, 49.96, 80.38]
[53, 753, 139];[54.17, 75.38, 76.09]
[320, 427, 113];[89.38, 49.0, 81.44]
[793, 128, 800];[31.52, 98.42, 45.71]
[286, 251, 794];[22.93, 50.66, 135.69]
[343, 875, 957];[36.48, 37.31, 82.51]
[874, 794, 778];[28.92, 126.07, -2.69]
[259, 795, 316];[34.24, 40.02, 47.44]
[7, 331, 447];[42.13, 60.06, 62.92]
[211, 870, 238];[50.01, 68.74, 50.03]
[118, 26, 872];[36.56, 12.2, 39.97]
[832, 801, 643];[50.8, 32.47, 33.03]
[276, 392, 335];[45.55, 46.95, 60.16]
[752, 140, 749];[58.21, 49.8, 66.64]
[923, 645, 279];[32.95, 30.42, 70.16]
[110, 976, 261];[62.27, 38.95, 70.34]
[867, 140, 90];[48.62, 49.49, 51.66]
[563, 20, 291];[87.53, 80.71, 53.85]
[873, 335, 158];[73.23, 54.26, 73.96]
[779, 7, 949];[42.2, 65.68, 52.13]
[172, 956, 464];[52.82, 54.36, 43.15]
[567, 91, 301];[69.99, 74.12, 68.5]
[65, 159, 38];[69.68, 83.76, 62.29]
[951, 178, 35];[56.28, 65.99, 88.66]
[866, 781, 570];[51.17, 44.89, 51.0]
[889, 362, 730];[71.38, 55.69, 54.94]
[920, 957, 893];[51.0, 75.78, 66.68]
[880, 338, 566];[27.84, 32.02, 37.58]
[274, 861, 213];[61.8, 69.12, 27.53]
[220, 556, 570];[39.51, 29.83, 53.81]
[861, 139, 343];[61.7, 76.52, 48.18]
[331, 240, 971];[55.64, 53.08, 82.0]
[793, 872, 303];[61.51, 51.32, 60.76]
[454, 695, 643];[16.62, 30.83, 39.74]
[894, 99, 369];[50.28, 37.13, 53.54]
[291, 65, 859];[62.36, 68.92, 9.77]
[18, 843, 67];[48.3, 106.05, 41.05]
[396, 135, 840];[65.3, 45.37, 7.73]
[842, 461, 776];[16.34, 90.4, 19.45]
[805, 947, 331];