[335, 160, 426];[59.52, 66.0, 16.0]
[163, 874, 253];[65.05, 46.45, 59.98]
[291, 948, 178];[63.8, 95.74, 57.2]
[951, 412, 802];[40.26, 69.16, 73.43]
[34, 836, 36];[93.66, 49.78, 52.98]
[461, 291, 753];[75.7, 63.25, 36.51]
[131, 313, 695];[20.93, 58.4, 34.43]
[727, 9, 533];[84.23, 50.84, 75.81]
[32, 11, 454];[96.78, 99.19, 15.69]
[553, 834, 113];[45.71, 104.79, 88.82]
[918, 790, 301];[24.9, 0.14, 55.61]
[331, 914, 559];[61.67, 70.09, 64.72]
[795, 643, 427];[44.83, 35.6, 46.63]
[359, 255, 34];[47.27, 53.11, 96.95]
[34, 291, 840];[67.75, 53.14, 23.82]
[834, 327, 920];[70.78, 51.43, 46.74]
[90, 805, 928];[59.84, 37.5, 51.83]
[138, 760, 459];[26.01, 45.81, 44.67]
[442, 34, 956];[25.82, 51.13, 114.96]
[34, 957, 301];[45.56, 86.61, 58.64]
[227, 244, 372];[76.1, 54.16, 77.83]
[160, 17, 928];[89.16, 29.62, 56.55]
[36, 559, 788];[34.54, 65.86, 41.81]
[533, 781, 235];[99.3, 60.2, 51.78]
[403, 60, 835];[83.58, 27.83, 45.45]
[454, 286, 446];[22.68, 7.29, 32.92]
[781, 802, 891];[60.3, 41.35, 104.86]
[342, 703, 805];[87.68, 80.34, 36.39]
[791, 835, 874];[27.28, 39.56, 32.61]
[358, 885, 216];[57.83, 6.58, 34.54]
[907, 369, 9];[43.72, 60.04, 52.0]
[156, 29, 957];[81.82, 22.4, 84.69]
[866, 757, 396];[59.95, 35.72, 48.86]
[124, 454, 431];[65.75, 16.03, 38.34]
[156, 763, 840];[80.64, 60.16, 16.37]
[567, 8, 179];[72.96, 80.84, 68.97]
[124, 781, 760];[64.11, 37.85, 28.77]
[553, 437, 749];[48.62, 53.67, 66.83]
[835, 338, 7];[63.18, 29.2, 49.7]
[405, 880, 359];[56.8, 22.4, 44.14]
[365, 800, 145];[40.42, 55.72, 62.65]
[201, 426, 929];[70.94, 16.71, 31.33]
[832, 871, 318];[58.5, 20.59, 74.99]
[461, 46, 142];[83.05, 34.32, 19.12]
[77, 421, 875];[81.16, 17.14, 39.86]
[476, 566, 749];[58.43, 37.45, 56.04]
[372, 426, 17];[67.35, 18.42, 54.88]
[801, 890, 931];[18.62, 68.7, 73.45]
[360, 748, 448];[47.06, 61.03, 73.07]
[156, 732, 133];[61.86, 52.83, 12.82]
[796, 805, 755];[52.79, 30.5, 77.5]
[337, 560, 867];[63.22, 46.0, 13.4]
[436, 23, 18];[73.83, 55.21, 50.39]
[413, 303, 65];[88.04, 52.94, 38.65]
[94, 570, 603];[70.61, 40.7, 79.1]
[766, 711, 786];[55.93, 41.09, 33.79]
[150, 895, 758];[27.1, 58.44, 47.12]
[972, 128, 374];[80.21, 109.28, 71.54]
[559, 73, 643];[57.87, 92.74, 42.61]
[971, 334, 37];[79.58, 39.46, 59.38]
[894, 711, 883];[58.0, 10.0, 73.84]
[929, 158, 178];[39.96, 54.9, 56.55]
[77, 805, 792];[79.1, 31.69, 59.22]
[892, 304, 34];[84.74, 24.63, 93.55]
[873, 447, 425];[57.57, 56.99, 72.78]
[907, 561, 918];[57.82, 67.59, 28.9]
[22, 19, 412];[66.75, 69.48, 71.76]
[17, 110, 892];[53.55, 67.31, 77.84]
[172, 303, 839];[61.97, 50.04, 15.69]
[40, 274, 891];[75.66, 53.96, 75.18]
[38, 755, 472];[64.26, 65.32, 67.61]
[778, 35, 958];[22.61, 83.28, 52.37]
[238, 703, 878];[28.86, 46.03, 57.04]
[431, 359, 259];[40.26, 50.87, 40.09]
[789, 362, 254];[69.18, 57.67, 62.13]
[890, 17, 553];[66.42, 48.07, 57.57]
[212, 146, 23];[28.36, 49.12, 57.51]
[150, 826, 179];[17.88, 11.13, 55.47]
[78, 896, 220];[42.11, 50.0, 34.13]
[894, 921, 213];[39.19, 58.92, 47.04]
[833, 779, 26];[72.74, 32.31, 6.11]
[359, 757, 868];[48.92, 35.6, 48.05]
[216, 842, 733];[53.0, 22.1, 68.19]
[249, 946, 642];[54.92, 93.81, 14.51]
[20, 695, 286];[41.83, 22.09, 12.03]
[244, 831, 128];[51.77, 50.54, 109.93]
[105, 757, 880];[99.15, 35.43, 20.85]
[6, 139, 782];[104.67, 80.97, 44.92]
[273, 109, 131];[71.35, 90.97, 10.64]
[875, 894, 178];[20.5, 23.07, 68.73]
[567, 752, 38];[72.0, 56.02, 56.0]
[475, 26, 889];[19.83, 12.2, 56.74]
[843, 763, 728];[61.15, 59.72, 71.05]
[312, 788, 301];[63.75, 37.08, 62.61]
[774, 865, 789];[69.72, 57.14, 78.65]
[603, 147, 730];[64.66, 47.06, 45.32]
[150, 929, 60];[21.0, 39.3, 31.17]
[752, 135, 790];[61.87, 30.45, 15.24]
[757, 373, 946];[34.46, 47.21, 73.56]
[65, 53, 871];[45.35, 38.66, 27.11]
[40, 18, 922];[79.42, 57.69, 79.73]
[342, 201, 145];[70.26, 66.92, 49.75]
[235, 860, 116];[47.0, 39.01, 41.78]
[7, 35, 331];[48.2, 87.79, 62.05]
[469, 645, 788];[19.69, 74.7, 42.76]
[363, 84, 894];[71.27, 21.73, 46.9]
[866, 99, 46];[79.39, 29.85, 34.12]
[577, 890, 431];[53.25, 54.42, 39.86]
[869, 881, 836];[46.82, 59.57, 67.0]
[798, 301, 139];[74.36, 74.37, 67.58]
[758, 800, 251];[43.27, 41.02, 75.23]
[316, 711, 931];[36.72, 60.66, 58.17]
[577, 334, 955];[62.68, 47.93, 42.52]
[783, 318, 291];[76.31, 68.91, 68.33]
[213, 116, 156];[46.1, 34.96, 89.91]
[273, 728, 211];[75.25, 75.67, 68.84]
[920, 889, 60];[54.56, 78.09, 32.36]
[995, 172, 435];[57.17, 59.91, 34.63]
[412, 918, 58];[64.28, 29.93, 77.59]
[759, 472, 945];[65.81, 75.79, 29.88]
[135, 253, 339];[29.99, 59.35, 12.01]
[279, 292, 256];[68.78, 13.51, 74.35]
[914, 775, 320];[40.2, 44.44, 56.06]
[603, 884, 55];[65.4, 60.79, 58.02]
[805, 447, 454];[31.36, 57.42, 15.25]
[436, 11, 644];[67.73, 105.5, 66.41]
[23, 109, 551];[59.01, 73.02, 78.11]
[142, 342, 37];[18.93, 69.49, 70.94]
[570, 956, 923];[39.92, 67.38, 10.35]
[876, 604, 956];[57.43, 2.68, 73.76]
[464, 703, 840];[46.76, 55.41, 15.21]
[304, 889, 46];[22.9, 54.54, 25.3]
[207, 889, 396];[13.32, 54.68, 51.92]
[73, 882, 140];[74.17, 45.25, 22.84]
[365, 603, 925];[29.54, 58.65, 60.26]
[836, 58, 9];[63.66, 76.93, 48.66]
[292, 472, 891];[9.9, 63.21, 72.34]
[20, 163, 273];[55.22, 67.42, 70.59]
[292, 836, 759];[8.76, 64.43, 64.63]
[403, 705, 249];[51.4, 66.03, 50.33]
[882, 566, 365];[45.41, 37.07, 30.72]
[29, 421, 464];[26.77, 14.9, 38.06]
[84, 476, 253];[39.58, 62.82, 53.08]
[19, 331, 7];[64.59, 55.42, 46.84]
[554, 53, 907];[68.61, 42.5, 24.17]
[249, 240, 387];[57.87, 63.19, 42.66]
[19, 165, 752];[63.0, 60.76, 72.39]
[727, 859, 362];[112.34, 2.87, 57.11]
[312, 447, 751];[71.93, 66.73, 57.43]
[139, 213, 958];[66.06, 38.47, 56.91]
[643, 118, 800];[32.05, 37.92, 62.12]
[773, 976, 776];[44.56, 44.19, 53.47]
[931, 749, 22];[67.85, 65.26, 63.62]
[789, 253, 753];[72.72, 57.86, 32.62]
[976, 17, 83];[33.66, 48.29, 43.5]
[643, 87, 603];[30.41, 20.32, 63.84]
[789, 893, 29];[63.35, 66.45, 21.05]
[34, 105, 728];[76.28, 73.23, 71.15]
[788, 446, 762];[41.32, 52.89, 75.96]
[339, 711, 55];[7.59, 31.96, 79.28]
[870, 105, 776];[74.39, 74.15, 49.46]
[387, 159, 18];[39.63, 77.78, 53.85]
[447, 461, 826];[60.29, 87.54, 17.53]
[771, 301, 931];[111.57, 70.82, 51.11]
[421, 459, 570];[19.17, 45.28, 53.21]
[896, 914, 793];[53.55, 38.31, 41.79]
[459, 533, 919];[43.87, 84.98, 60.7]
[801, 925, 30];[15.21, 55.47, 21.03]
[556, 201, 569];[25.76, 72.57, 40.68]
[760, 753, 58];[32.99, 28.34, 80.29]
[427, 292, 40];[58.05, 4.27, 77.56]
[329, 645, 34];[92.08, 39.37, 73.59]
[320, 113, 795];[65.05, 112.96, 36.4]
[920, 7, 256];[36.99, 49.43, 81.85]
[800, 150, 53];[30.02, 13.15, 55.3]
[212, 875, 223];[35.49, 45.62, 74.45]
[733, 387, 94];[71.41, 49.55, 76.99]
[892, 135, 840];[78.11, 25.49, 3.15]
[402, 147, 826];[1.2, 33.36, 7.29]
[919, 146, 60];[59.3, 46.74, 19.76]
[570, 781, 77];[37.98, 35.93, 79.67]
[341, 436, 276];[43.43, 65.24, 33.35]
[892, 876, 882];[85.57, 58.99, 42.33]
[836, 773, 363];[50.9, 49.72, 78.5]
[570, 791, 436];[32.5, 36.55, 58.37]
[244, 727, 955];[43.54, 82.04, 40.75]
[442, 604, 412];[43.33, 3.1, 70.57]
[871, 425, 216];[26.0, 72.69, 52.27]
[995, 884, 570];[51.39, 57.49, 32.46]
[794, 296, 251];[129.66, 75.07, 65.86]
[561, 84, 8];[76.1, 11.03, 78.59]
[445, 403, 318];[56.55, 55.06, 61.9]
[403, 294, 842];[55.76, 80.88, 33.3]
[240, 463, 142];[61.72, 56.21, 16.46]
[921, 301, 866];[68.58, 68.36, 67.2]
[207, 448, 77];[14.66, 72.35, 84.04]
[109, 318, 873];[88.77, 59.36, 60.91]
[907, 790, 795];[36.68, 7.79, 38.81]
[779, 711, 212];[42.11, 20.59, 37.98]
[570, 40, 559];[40.73, 78.45, 55.9]
[139, 603, 895];[67.64, 68.09, 54.93]
[240, 451, 894];[56.44, 24.63, 51.06]
[765, 238, 566];[76.55, 36.77, 33.95]
[402, 6, 778];[15.53, 96.3, 32.77]
[90, 163, 892];[51.07, 86.43, 79.19]
[643, 279, 463];[37.92, 78.17, 62.14]
[166, 861, 643];[44.25, 62.9, 40.19]
[35, 431, 995];[86.07, 49.27, 52.34]
[891, 18, 249];[78.74, 52.29, 52.69]
[759, 833, 645];[62.81, 74.96, 61.38]
[774, 560, 892];[67.67, 37.97, 86.02]
[402, 23, 91];[25.21, 52.16, 80.26]
[922, 104, 754];[71.94, 49.95, 40.01]
[28, 805, 106];[31.76, 32.38, 46.56]
[833, 732, 335];[69.84, 54.17, 59.61]
[358, 446, 942];[50.56, 66.47, 55.93]
[445, 733, 211];[56.42, 68.67, 65.27]
[374, 369, 403];[81.15, 61.78, 56.71]
[17, 337, 556];[49.59, 61.67, 39.32]
[802, 604, 334];[63.37, 5.76, 34.67]
[294, 748, 892];[81.78, 55.88, 76.12]
[783, 362, 566];[79.98, 64.27, 41.96]
[758, 238, 256];[45.46, 22.5, 80.76]
[274, 387, 841];[57.75, 43.11, 57.67]
[334, 413, 758];[41.2, 47.29, 46.19]
[776, 65, 158];[47.19, 30.33, 66.68]
[773, 303, 554];[46.67, 53.14, 70.42]
[100, 23, 87];[9.07, 60.62, 26.58]
[142, 251, 448];[20.6, 65.38, 76.98]
[553, 94, 158];[42.38, 77.92, 65.84]
[147, 890, 47];[39.71, 82.07, 75.42]
[358, 476, 178];[58.57, 65.75, 62.66]
[156, 878, 805];[85.42, 54.89, 30.14]
[22, 958, 645];[73.36, 58.79, 16.36]
[418, 362, 38];[76.39, 61.58, 67.98]
[533, 957, 792];[82.94, 75.17, 73.16]
[877, 365, 782];[38.97, 32.09, 47.8]
[971, 274, 556];[72.97, 52.27, 51.0]
[780, 104, 425];[96.7, 55.96, 72.27]
[603, 131, 421];[58.01, 24.52, 22.5]
[577, 762, 556];[37.96, 70.02, 35.95]
[113, 133, 451];[80.12, 14.51, 20.09]
[885, 602, 359];[56.08, 54.94, 42.87]
[752, 359, 841];[56.85, 43.74, 69.45]
[835, 312, 34];[56.59, 64.82, 91.28]
[786, 139, 105];[52.46, 69.8, 68.43]
[872, 920, 274];[40.95, 47.71, 58.32]
[577, 776, 831];[54.06, 62.15, 62.79]
[178, 23, 791];[62.89, 61.37, 36.9]
[166, 436, 20];[44.49, 71.49, 56.52]
[877, 758, 917];[38.42, 43.04, 26.52]
[138, 40, 87];[18.84, 76.09, 23.09]
[387, 779, 88];[44.56, 47.62, 5.84]
[865, 793, 779];[60.91, 41.36, 45.75]
[22, 294, 947];[62.3, 73.86, 82.05]
[800, 139, 30];[37.87, 69.06, 28.39]
[253, 21, 795];[63.72, 84.73, 45.94]
[840, 832, 907];[14.97, 41.93, 32.96]
[145, 567, 875];[55.95, 77.32, 49.44]
[133, 833, 794];[12.05, 73.57, 121.79]
[945, 334, 341];[2.6, 50.24, 45.75]
[777, 790, 861];[17.16, 3.55, 108.29]
[166, 21, 255];[46.7, 56.7, 66.04]
[705, 402, 881];[71.37, 16.56, 62.81]
[427, 329, 564];[57.56, 89.02, 53.25]
[805, 101, 895];[37.32, 24.46, 53.78]
[213, 928, 387];[42.65, 47.03, 49.04]
[567, 768, 884];[69.27, 11.64, 59.36]
[341, 244, 859];[38.06, 57.67, 7.7]
[779, 914, 32];[49.1, 95.8, 100.76]
[140, 533, 213];[21.99, 69.97, 46.03]
[551, 774, 359];[74.99, 68.02, 42.41]
[765, 178, 642];[64.57, 56.84, 36.62]
[931, 372, 762];[71.91, 65.09, 72.48]
[318, 918, 254];[58.49, 28.38, 61.6]
[569, 146, 373];[47.86, 58.41, 45.35]
[781, 22, 327];[38.23, 71.4, 63.37]
[732, 131, 22];[57.14, 36.74, 63.28]
[951, 38, 795];[45.32, 58.36, 42.25]
[365, 435, 405];[33.1, 40.77, 60.04]
[135, 17, 805];[27.78, 58.24, 29.44]
[251, 964, 27];[78.2, 69.32, 43.73]
[798, 752, 803];[60.45, 67.94, 43.63]
[291, 35, 533];[84.18, 87.77, 81.54]
[893, 447, 891];[64.98, 57.27, 68.69]
[861, 884, 958];[36.29, 58.25, 37.68]
[603, 833, 442];[64.37, 79.03, 28.79]
[559, 949, 894];[58.78, 55.81, 52.34]
[172, 21, 774];[63.42, 86.95, 73.75]
[89, 78, 871];[14.38, 32.97, 16.93]
[791, 752, 360];[44.1, 56.21, 42.27]
[220, 448, 163];[38.65, 64.86, 59.59]
[874, 118, 2];[51.25, 20.46, 62.73]
[100, 841, 211];[8.05, 68.45, 71.7]
[413, 463, 947];[60.52, 43.18, 84.87]
[392, 789, 20];[51.76, 68.09, 61.4]
[918, 561, 124];[30.92, 73.28, 55.36]
[47, 882, 884];[66.29, 38.97, 57.18]
[577, 339, 251];[62.29, 8.67, 62.6]
[27, 919, 766];[33.45, 55.61, 53.32]
[139, 392, 163];[66.0, 43.98, 65.76]
[871, 60, 793];[28.02, 31.86, 36.8]
[77, 101, 796];[79.27, 10.15, 63.99]
[253, 567, 312];[58.9, 71.79, 62.31]
[749, 55, 23];[66.8, 58.43, 55.48]
[392, 100, 461];[46.8, 12.25, 73.0]
[861, 142, 875];[40.25, 18.94, 39.0]
[139, 105, 83];[64.09, 71.41, 42.42]
[303, 37, 884];[48.85, 70.45, 60.14]
[431, 771, 570];[38.21, 94.76, 35.61]
[125, 301, 339];[55.8, 65.91, 9.55]
[178, 166, 795];[59.71, 48.04, 41.97]
[560, 109, 752];[44.5, 82.73, 61.27]
[165, 360, 841];[57.8, 47.14, 90.27]
[156, 918, 256];[79.43, 31.02, 75.29]
[448, 216, 219];[71.24, 49.55, 33.75]
[88, 303, 882];[6.1, 51.28, 40.93]
[106, 561, 786];[46.61, 70.49, 50.19]
[145, 219, 914];[45.7, 33.41, 66.17]
[925, 256, 335];[64.12, 81.0, 59.66]
[418, 949, 139];[73.08, 94.59, 68.14]
[779, 360, 6];[35.36, 53.83, 100.37]
[798, 253, 560];[71.36, 64.61, 42.7]
[454, 147, 560];[10.78, 42.24, 45.93]
[475, 957, 55];[26.1, 81.5, 68.94]
[799, 917, 711];[74.96, 21.19, -2.52]
[883, 777, 255];[63.34, 12.37, 59.67]
[313, 40, 894];[68.38, 112.58, 53.1]
[866, 19, 805];[61.01, 63.77, 33.68]
[421, 87, 334];[14.93, 15.02, 38.97]
[798, 971, 447];[72.0, 70.02, 55.76]
[840, 273, 165];[17.64, 58.35, 56.19]
[840, 138, 256];[17.16, 20.03, 74.54]
[256, 799, 843];[72.27, 74.95, 61.38]
[833, 923, 166];[70.34, 11.18, 45.41]
[461, 762, 789];[75.08, 73.36, 74.63]
[213, 923, 896];[45.0, 11.26, 46.18]
[788, 11, 920];[36.14, 104.78, 51.39]
[873, 867, 748];[62.18, 50.74, 56.75]
[703, 201, 38];[60.26, 70.9, 58.99]
[437, 211, 84];[54.84, 61.63, 20.05]
[318, 749, 976];[55.36, 64.93, 46.8]
[955, 964, 768];[40.31, 59.18, 9.16]
[125, 570, 60];[49.0, 34.45, 32.94]
[363, 374, 871];[70.66, 80.55, 21.07]
[645, 77, 760];[38.77, 79.4, 24.88]
[21, 801, 461];[81.99, 27.17, 62.91]
[889, 160, 142];[57.06, 71.46, 11.85]
[83, 643, 67];[53.87, 23.33, 29.32]
[836, 749, 304];[72.13, 52.96, 19.41]
[839, 774, 775];[9.6, 78.38, 42.29]
[860, 766, 329];[55.06, 40.95, 71.27]
[475, 150, 754];[10.55, 29.84, 42.82]
[995, 35, 20];[48.63, 90.06, 66.74]
[256, 339, 792];[70.96, -0.27, 62.58]
[90, 402, 259];[49.77, 19.83, 45.03]
[22, 446, 436];[57.53, 58.91, 75.56]
[885, 798, 274];[57.02, 72.88, 56.7]
[839, 907, 219];[5.75, 55.94, 18.68]
[840, 244, 166];[17.05, 41.34, 35.64]
[644, 773, 875];[66.0, 44.01, 38.0]
[840, 387, 425];[17.64, 34.21, 73.72]
[781, 569, 23];[36.28, 49.67, 52.15]
[32, 426, 66];[99.4, 16.1, 33.42]
[2, 554, 942];[72.02, 70.19, 54.97]
[435, 914, 253];[37.75, 63.04, 64.28]
[919, 227, 163];[67.34, 70.11, 64.97]
[778, 256, 47];[22.04, 77.45, 71.65]
[109, 116, 58];[74.86, 43.72, 87.52]
[971, 778, 805];[70.45, 21.77, 33.07]
[362, 159, 860];[54.3, 82.71, 59.93]
[867, 472, 335];[18.9, 75.5, 54.69]
[834, 38, 642];[89.85, 63.51, 21.08]
[46, 150, 373];[1.28, 9.58, 41.79]
[91, 435, 165];[76.42, 43.06, 81.59]
[867, 796, 768];[18.56, 53.65, 6.88]
[559, 124, 251];[59.9, 57.17, 59.85]
[402, 78, 84];[15.9, 38.2, 34.63]
[885, 865, 964];[39.0, 44.83, 54.63]
[37, 28, 138];[74.66, 47.4, 23.72]
[895, 877, 799];[49.07, 37.19, 77.11]
[604, 286, 881];[-2.74, 8.01, 49.48]
[8, 553, 60];[57.52, 50.23, 22.74]
[800, 789, 87];[4.2, 49.73, 20.07]
[695, 871, 577];[35.36, -5.69, 89.73]
[554, 216, 142];[76.78, 52.71, 13.88]
[920, 799, 703];[48.09, 58.26, 84.62]
[907, 559, 362];[-17.41, 56.05, 60.38]
[871, 919, 413];[-4.32, 50.44, 32.37]
[777, 128, 318];[-8.12, 114.18, 76.81]
[787, 99, 732];[52.05, 34.0, 51.43]
[47, 942, 320];[66.3, 52.43, 56.31]
[604, 554, 28];[4.27, 69.26, 30.92]
[472, 644, 294];[66.81, 65.6, 81.74]
[425, 889, 931];[74.17, 58.09, 69.65]
[66, 763, 885];[32.0, 58.1, 54.1]
[363, 949, 859];[59.96, 39.48, 18.49]
[139, 362, 893];[66.23, 62.91, 65.37]
[955, 396, 9];[40.39, 51.5, 48.62]
[253, 73, 569];[58.34, 79.97, 49.83]
[7, 94, 145];[49.6, 77.41, 53.73]
[564, 958, 917];[86.87, 45.85, 28.48]
[91, 931, 778];[72.3, 64.72, 27.37]
[238, 569, 971];[31.41, 47.62, 73.09]
[90, 892, 781];[50.06, 71.59, 38.76]
[890, 831, 413];[68.04, 55.95, 50.89]
[212, 892, 47];[42.4, 71.55, 44.61]
[427, 201, 216];[54.55, 58.45, 53.08]
[461, 472, 533];[108.65, 86.2, 91.22]
[556, 223, 799];[48.52, 88.49, 69.69]
[207, 832, 240];[11.98, 38.95, 63.5]
[763, 554, 783];[43.44, 71.22, 74.34]
[869, 22, 972];[46.1, 79.93, 75.53]
[178, 294, 338];[87.34, 86.89, 27.86]
[66, 798, 235];[15.1, 68.05, 59.04]
[970, 843, 249];[11.64, 76.92, 52.11]
[147, 919, 128];[35.34, 67.91, 110.83]
[833, 603, 890];[79.96, 81.45, 70.85]
[873, 341, 561];[70.31, 37.75, 70.76]
[36, 21, 795];[32.27, 74.69, 36.99]
[945, 165, 286];[20.0, 55.99, 30.0]
[464, 116, 135];[49.33, 44.84, 28.93]
[259, 711, 878];[50.92, 11.56, 54.75]
[834, 602, 178];[82.26, 53.5, 55.97]
[150, 777, 26];[20.56, 16.45, 11.89]
[124, 67, 343];[64.06, 38.45, 53.84]
[431, 942, 559];[51.52, 55.69, 61.11]
[771, 569, 341];[93.61, 53.53, 41.94]
[858, 84, 776];[55.19, 17.12, 45.76]
[2, 396, 301];[69.78, 50.2, 61.69]
[227, 794, 759];[72.06, 128.21, 51.12]
[447, 836, 158];[61.61, 47.46, 65.19]
[94, 124, 471];[79.02, 60.37, 13.4]
[792, 945, 560];[61.76, 18.77, 37.45]
[402, 799, 728];[20.21, 81.91, 67.91]
[412, 475, 705];[68.21, 10.67, 65.87]
[769, 972, 142];[55.03, 71.17, 12.6]
[842, 22, 253];[37.99, 60.72, 60.42]
[60, 335, 946];[22.95, 59.02, 81.83]
[426, 728, 798];[9.33, 57.47, 71.65]
[90, 392, 91];[53.3, 38.34, 76.98]
[133, 877, 472];[1.18, 23.07, 62.8]
[90, 923, 561];[52.9, 5.17, 67.21]
[403, 866, 276];[44.23, 56.36, 34.38]
[178, 100, 84];[52.64, 2.85, 40.82]
[956, 892, 365];[98.57, 86.57, 25.16]
[18, 860, 159];[58.61, 81.21, 76.01]
[116, 140, 642];[43.05, 36.95, 9.72]
[476, 604, 758];[62.97, -10.09, 43.27]
[101, 301, 840];[-7.72, 37.82, 9.25]
[472, 21, 34];[66.03, 85.87, 93.93]
[789, 876, 776];[77.3, 59.08, 54.83]
[329, 105, 749];[73.09, 67.76, 66.39]
[413, 253, 23];[48.33, 60.1, 52.21]
[758, 752, 833];[42.93, 58.35, 67.32]
[874, 603, 100];[46.78, 63.51, 9.27]
[38, 286, 249];[60.98, 26.98, 54.18]
[728, 2, 329];[73.01, 78.31, 58.4]
[957, 329, 339];[83.65, 59.33, 8.06]
[87, 733, 140];[24.26, 74.38, 27.39]
[787, 294, 958];[63.42, 79.6, 53.9]
[286, 227, 215];[25.23, 78.92, 51.52]
[931, 859, 418];[62.09, 14.99, 75.15]
[87, 876, 942];[22.24, 56.78, 58.12]
[89, 776, 790];[10.98, 41.6, 4.86]
[125, 454, 965];[52.3, 8.81, 72.84]
[9, 58, 147];[50.81, 94.6, 42.34]
[760, 337, 403];[59.64, 61.16, 51.96]
[765, 363, 166];[100.35, 88.97, 51.4]
[274, 769, 35];[68.48, 77.44, 87.8]
[780, 291, 469];[80.93, 49.17, 11.94]
[976, 754, 752];[37.68, 39.82, 51.05]
[727, 142, 604];[119.39, 11.47, -2.25]
[30, 921, 782];[24.94, 65.13, 61.48]
[320, 20, 976];[75.88, 53.64, 39.31]
[769, 768, 602];[90.47, 4.49, 85.85]
[556, 100, 156];[40.57, 3.91, 91.1]
[235, 220, 914];[55.81, 37.64, 40.52]
[870, 533, 760];[77.88, 101.52, 68.02]
[296, 773, 797];[84.71, 47.37, 74.99]
[215, 925, 105];[51.86, 55.68, 65.46]
[972, 801, 570];[60.28, 32.79, 35.93]
[421, 787, 91];[20.01, 54.21, 80.84]
[780, 67, 387];[81.59, 39.4, 32.08]
[885, 343, 800];[57.39, 53.64, 64.07]
[956, 732, 871];[47.57, 54.19, 24.3]
[889, 805, 387];[63.86, 31.35, 32.11]
[795, 36, 351];[46.61, 49.21, 70.71]
[560, 94, 730];[40.94, 77.27, 42.73]
[885, 951, 805];[49.56, 45.51, 30.01]
[435, 396, 413];[40.24, 45.14, 47.56]
[757, 139, 213];[33.49, 70.12, 42.64]
[358, 780, 917];[56.8, 81.4, 21.91]
[166, 533, 695];[51.56, 85.25, 54.88]
[833, 703, 749];[78.41, 87.16, 74.68]
[758, 8, 21];[37.62, 70.63, 75.73]
[140, 644, 139];[21.51, 61.37, 72.99]
[316, 768, 894];[38.39, 23.47, 43.33]
[19, 73, 343];[56.75, 68.75, 50.08]
[253, 334, 215];[63.02, 35.73, 51.48]
[949, 387, 165];[49.1, 35.3, 68.66]
[215, 172, 476];[50.22, 73.33, 61.61]
[751, 101, 149];[64.75, 11.44, 98.17]
[866, 29, 768];[52.4, 24.23, 22.91]
[603, 6, 252];[61.49, 87.86, 64.32]
[931, 341, 128];[39.97, 47.76, 98.24]
[831, 859, 786];[45.09, -13.08, 94.89]
[149, 755, 318];[88.49, 63.91, 63.28]
[942, 890, 754];[64.96, 59.95, 40.13]
[412, 896, 922];[82.92, 56.85, 78.86]
[560, 392, 779];[37.97, 43.98, 40.01]
[442, 805, 339];[28.35, 31.77, 20.32]
[223, 859, 800];[56.38, 19.93, 62.73]
[331, 149, 928];[66.03, 110.0, 45.23]
[351, 77, 341];[72.41, 79.63, 42.95]
[365, 950, 463];[32.13, 44.77, 58.08]
[727, 35, 920];[88.15, 83.72, 50.04]
[30, 914, 841];[29.38, 41.34, 65.25]
[341, 73, 826];[40.48, 75.4, 12.45]
[826, 560, 800];[6.34, 48.26, 39.02]
[431, 757, 100];[41.53, 36.46, 15.85]
[113, 570, 212];[92.61, 46.39, 36.98]
[951, 240, 133];[38.35, 68.48, 13.89]
[451, 159, 789];[20.83, 75.23, 68.16]
[840, 425, 946];[11.73, 70.2, 82.74]
[172, 211, 896];[64.85, 76.48, 47.0]
[922, 360, 135];[72.54, 51.08, 25.65]
[421, 577, 91];[14.82, 49.19, 75.63]
[11, 644, 38];[114.74, 62.64, 68.33]
[334, 451, 570];[26.46, 20.04, 36.94]
[19, 211, 603];[72.46, 67.27, 51.64]
[83, 730, 304];[67.6, 53.66, 29.79]
[711, 643, 253];[10.54, 30.89, 75.36]
[403, 917, 918];[56.21, 13.12, 37.82]
[425, 787, 105];[68.98, 50.55, 71.51]
[392, 106, 320];[26.75, 39.58, 63.39]
[254, 775, 6];[57.18, 61.54, 100.37]
[951, 917, 156];[33.32, 11.38, 82.64]
[567, 907, 295];[67.95, 24.34, 51.24]
[923, 220, 405];[4.5, 36.06, 64.24]
[945, 878, 133];[20.0, 54.67, 12.01]
[392, 337, 643];[44.82, 59.88, 32.32]
[216, 471, 201];[46.33, 21.83, 58.28]
[570, 567, 836];[33.87, 71.94, 52.91]
[427, 249, 559];[50.42, 51.67, 60.66]
[877, 950, 343];[40.73, 45.68, 52.88]
[803, 942, 2];[40.4, 56.64, 72.71]
[642, 749, 104];[28.77, 67.83, 50.37]
[36, 32, 950];[53.77, 99.59, 46.36]
[116, 431, 461];[43.51, 42.6, 81.48]
[831, 948, 893];[66.29, 100.78, 64.92]
[304, 254, 34];[22.59, 70.57, 103.66]
[921, 945, 464];[55.98, 25.35, 50.12]
[791, 128, 765];[36.24, 100.58, 83.28]
[878, 831, 791];[53.85, 66.7, 37.59]
[778, 304, 645];[26.91, 24.39, 16.85]
[891, 945, 60];[74.74, 24.42, 30.48]
[976, 320, 871];[45.27, 62.36, 22.98]
[560, 235, 374];[34.79, 54.74, 102.31]
[291, 58, 292];[59.85, 98.63, 9.51]
[396, 110, 60];[56.93, 68.3, 21.66]
[372, 759, 865];[68.6, 63.98, 39.9]
[870, 47, 760];[68.7, 76.88, 50.16]
[875, 413, 18];[34.9, 40.42, 56.69]
[776, 301, 413];[27.28, 55.32, 41.55]
[374, 798, 752];[96.27, 73.35, 69.36]
[877, 316, 464];[31.02, 50.1, 46.67]
[320, 46, 604];[63.95, -8.15, -6.36]
[73, 765, 32];[73.94, 73.36, 89.76]
[799, 645, 786];[70.39, 15.23, 31.51]
[948, 711, 145];[93.02, 10.0, 43.99]
[113, 874, 58];[78.68, 45.95, 81.47]
[554, 19, 883];[70.9, 72.74, 74.54]
[66, 797, 99];[32.17, 74.77, 33.43]
[964, 339, 760];[54.53, 10.44, 32.97]
[6, 560, 426];[101.78, 42.87, 17.93]
[116, 435, 29];[44.49, 41.89, 25.52]
[836, 749, 464];[45.93, 71.29, 45.25]
[858, 872, 950];[53.17, 39.66, 48.96]
[363, 459, 841];[61.45, 45.73, 68.85]
[256, 920, 360];[76.86, 48.53, 57.26]
[387, 475, 58];[43.22, 13.29, 73.11]
[294, 55, 730];[75.33, 71.45, 50.89]
[727, 339, 365];[101.75, 9.02, 44.42]
[835, 787, 327];[48.46, 70.56, 42.29]
[964, 89, 104];[44.68, 3.15, 51.34]
[768, 895, 37];[9.92, 54.92, 75.76]
[889, 782, 842];[72.23, 55.64, 23.78]
[73, 765, 220];[67.8, 80.58, 42.32]
[27, 564, 794];[50.64, 47.83, 133.22]
[875, 316, 421];[29.11, 45.39, 21.89]
[803, 216, 358];[56.0, 45.86, 50.94]
[312, 30, 223];[71.12, 23.34, 58.44]
[644, 836, 885];[72.3, 46.36, 44.57]
[139, 387, 925];[77.58, 50.73, 65.04]
[751, 89, 769];[65.71, -2.48, 67.61]
[705, 125, 874];[64.67, 58.69, 34.42]
[116, 335, 65];[43.66, 48.45, 47.87]
[554, 28, 2];[78.85, 41.17, 83.3]
[211, 950, 48];[79.21, 49.6, 69.24]
[244, 796, 254];[43.93, 63.99, 60.02]
[110, 65, 921];[66.47, 46.28, 60.37]
[780, 373, 730];[81.14, 45.74, 47.83]
[603, 958, 469];[65.25, 42.27, 27.51]
[870, 425, 554];[70.34, 73.48, 68.27]
[865, 551, 970];[56.25, 78.77, 31.01]
[94, 303, 891];[78.02, 48.36, 72.91]
[703, 128, 786];[65.4, 88.01, 51.73]
[211, 296, 220];[64.55, 75.44, 47.24]
[77, 559, 553];[79.73, 58.36, 46.58]
[917, 27, 145];[28.86, 47.38, 50.81]
[139, 463, 842];[71.33, 50.69, 34.98]
[894, 801, 803];[53.86, 26.89, 40.97]
[463, 334, 727];[48.28, 35.07, 88.27]
[604, 762, 642];[5.12, 79.28, 37.63]
[133, 794, 995];[14.97, 126.82, 54.47]
[995, 373, 780];[54.32, 42.8, 83.72]
[951, 27, 866];[44.94, 38.49, 49.1]
[950, 776, 28];[49.36, 75.92, 46.35]
[799, 255, 765];[66.04, 43.23, 69.06]
[752, 789, 46];[51.67, 67.52, 51.43]
[40, 931, 145];[71.23, 52.83, 49.42]
[554, 890, 140];[75.87, 55.27, 24.61]
[313, 921, 431];[62.57, 59.75, 37.53]
[556, 894, 431];[26.8, 41.29, 40.7]
[219, 553, 342];[33.69, 53.45, 73.88]
[78, 931, 255];[35.66, 44.94, 55.58]
[459, 881, 100];[46.35, 59.47, 9.8]
[106, 313, 84];[41.65, 56.86, 30.54]
[727, 426, 362];[90.14, 13.76, 53.52]
[931, 871, 373];[70.64, 28.0, 45.94]
[286, 860, 965];[28.53, 44.06, 67.56]
[20, 475, 564];[59.69, 19.45, 83.12]
[17, 303, 149];[49.93, 45.98, 113.71]
[475, 766, 21];[17.8, 53.36, 69.29]
[365, 644, 403];[32.85, 64.18, 54.9]
[276, 21, 34];[37.1, 49.91, 75.46]
[125, 569, 843];[55.42, 38.63, 62.47]
[918, 274, 421];[26.73, 56.46, 24.64]
[35, 769, 869];[89.3, 66.18, 45.45]
[147, 775, 30];[24.07, 52.79, 10.74]
[447, 279, 871];[60.22, 67.37, 10.29]
[291, 259, 602];[46.25, 34.05, 60.77]
[871, 461, 341];[11.86, 86.85, 41.07]
[801, 870, 566];[9.21, 81.67, 37.25]
[249, 730, 865];[61.22, 51.99, 67.47]
[160, 472, 435];[63.34, 81.05, 28.09]
[907, 211, 577];[55.38, 78.09, 59.75]
[150, 891, 207];[9.52, 82.0, 15.98]
[128, 295, 259];[102.53, 60.06, 37.65]
[32, 929, 955];[80.8, 31.58, 38.6]
[869, 147, 928];[48.1, 32.05, 44.9]
[413, 728, 799];[52.21, 77.21, 60.68]
[90, 798, 567];[52.83, 67.94, 77.91]
[752, 760, 304];[57.73, 45.3, 27.77]
[789, 276, 99];[73.6, 43.8, 23.82]
[551, 240, 211];[100.89, 65.05, 65.33]
[645, 73, 779];[60.43, 62.1, 45.29]
[566, 362, 971];[56.53, 65.96, 79.06]
[55, 159, 893];[98.45, 66.67, 66.85]
[274, 801, 918];[51.85, 32.0, 27.99]
[860, 87, 17];[44.17, 22.16, 61.97]
[166, 90, 40];[44.68, 53.78, 82.68]
[147, 291, 418];[42.84, 61.31, 68.73]
[259, 836, 859];[48.23, 45.28, 15.17]
[728, 840, 604];[71.8, 22.25, 5.82]
[782, 751, 945];[39.68, 61.77, 15.0]
[566, 755, 733];[40.14, 63.02, 68.59]
[774, 365, 928];[75.48, 34.04, 44.15]
[794, 642, 178];[124.68, 25.24, 59.17]
[885, 442, 105];[43.41, 22.45, 78.07]
[561, 133, 797];[64.45, 10.11, 69.37]
[861, 100, 216];[60.47, 12.61, 51.69]
[131, 26, 212];[12.96, 9.48, 28.0]
[760, 105, 160];[43.31, 72.76, 94.18]
[914, 84, 799];[80.62, 42.3, 67.18]
[312, 26, 919];[72.31, 11.52, 69.89]
[799, 110, 37];[67.23, 69.36, 74.16]
[351, 776, 105];[76.41, 46.17, 74.25]
[728, 149, 254];[73.21, 102.19, 79.75]
[826, 918, 109];[8.85, 30.99, 81.7]
[146, 87, 949];[49.69, 19.23, 31.26]
[777, 156, 139];[16.77, 91.6, 74.91]
[730, 870, 866];[53.06, 78.27, 56.39]
[142, 949, 252];[26.07, 34.04, 86.52]
[643, 100, 956];[37.16, 12.46, 111.11]
[87, 995, 435];[20.18, 57.61, 38.97]
[749, 227, 732];[73.9, 84.73, 58.41]
[235, 219, 884];[58.93, 28.69, 67.12]
[142, 53, 396];[15.66, 61.63, 50.31]
[105, 749, 253];[65.46, 65.4, 59.35]
[304, 469, 142];[23.61, 28.44, 20.43]
[783, 876, 561];[78.48, 58.97, 70.74]
[559, 946, 833];[63.11, 72.75, 69.79]
[556, 895, 874];[42.98, 51.57, 45.2]
[301, 564, 922];[63.72, 86.56, 75.75]
[27, 946, 955];[51.1, 66.23, 46.44]
[291, 454, 215];[56.5, 15.33, 50.59]
[150, 301, 37];[21.29, 66.28, 69.43]
[339, 803, 369];[10.57, 44.12, 64.67]
[32, 179, 928];[96.34, 64.88, 45.42]
[769, 976, 858];[66.33, 36.79, 55.01]
[459, 342, 931];[51.06, 84.08, 58.33]
[35, 560, 128];[99.77, 28.5, 95.02]
[351, 255, 6];[82.26, 56.47, 95.76]
[273, 867, 89];[69.23, 5.42, 9.2]
[914, 881, 870];[54.01, 57.73, 72.61]
[374, 892, 832];[81.2, 84.29, 36.87]
[273, 925, 896];[64.62, 55.62, 43.66]
[244, 976, 842];[33.84, 45.12, 35.14]
[341, 754, 442];[53.01, 47.92, 17.75]
[768, 313, 788];[9.12, 58.62, 45.1]
[18, 387, 878];[60.2, 45.31, 57.19]
[437, 459, 166];[52.51, 45.81, 33.05]
[38, 138, 928];[70.3, 23.61, 44.07]
[749, 695, 235];[71.53, 33.58, 43.13]
[876, 950, 11];[61.69, 49.67, 115.89]
[201, 917, 244];[64.43, 12.1, 44.2]
[60, 805, 958];[14.14, 29.24, 66.01]
[150, 950, 882];[-1.5, 46.67, 34.59]
[358, 48, 920];[47.88, 65.9, 49.85]
[138, 135, 866];[20.18, 29.85, 60.61]
[705, 472, 147];[69.06, 66.87, 46.18]
[358, 261, 559];[52.5, 71.71, 61.0]
[360, 211, 883];[49.33, 62.47, 72.24]
[872, 27, 66];[41.51, 48.45, 31.33]
[179, 251, 35];[60.87, 67.02, 82.23]
[451, 922, 402];[23.29, 77.39, 18.44]
[116, 890, 303];[42.42, 63.06, 50.58]
[766, 873, 877];[54.01, 62.22, 43.93]
[36, 113, 37];[42.21, 93.6, 66.08]
[835, 244, 427];[51.47, 47.9, 59.7]
[826, 156, 866];[16.79, 82.87, 26.72]
[100, 27, 318];[19.3, 43.37, 58.93]
[38, 965, 342];[69.16, 62.65, 77.38]
[254, 603, 445];[60.29, 58.91, 59.03]
[786, 135, 777];[67.23, 26.16, 16.77]
[94, 880, 947];[80.34, 20.33, 72.37]
[773, 320, 251];[45.23, 57.68, 70.73]
[94, 362, 165];[71.61, 63.63, 58.79]
[84, 843, 149];[14.54, 72.6, 93.81]
[868, 803, 240];[38.56, 56.24, 61.57]
[38, 304, 118];[68.56, 25.17, 23.65]
[796, 38, 603];[52.52, 64.7, 57.82]
[566, 316, 865];[34.35, 44.9, 63.65]
[216, 445, 253];[52.36, 58.41, 57.76]
[172, 201, 869];[79.08, 85.83, 55.4]
[945, 779, 570];[12.03, 37.53, 17.9]
[867, 273, 891];[9.73, 66.96, 61.02]
[951, 643, 254];[40.94, 23.66, 60.61]
[7, 885, 757];[50.0, 55.94, 36.0]
[46, 215, 145];[35.85, 51.87, 44.83]
[870, 109, 304];[71.42, 74.81, 25.13]
[754, 30, 476];[39.58, 35.5, 54.08]
[159, 894, 972];[80.93, 57.16, 64.98]
[751, 172, 870];[57.19, 60.61, 73.44]
[133, 66, 403];[10.42, 30.71, 54.86]
[365, 972, 431];[33.29, 67.3, 46.61]
[253, 244, 703];[59.71, 43.87, 60.31]
[8, 338, 402];[77.31, 24.55, 22.59]
[113, 832, 758];[88.95, 51.74, 44.09]
[337, 252, 35];[64.12, 59.18, 91.21]
[778, 273, 150];[37.19, 68.74, 13.78]
[841, 833, 8];[72.97, 75.05, 75.34]
[216, 774, 100];[47.8, 82.88, 12.89]
[207, 789, 946];[13.04, 77.45, 86.76]
[412, 805, 569];[63.19, 33.15, 40.73]
[883, 67, 569];[73.85, 29.18, 39.54]
[795, 318, 787];[48.75, 53.08, 52.83]
[796, 881, 46];[56.9, 59.6, -3.64]
[956, 67, 883];[67.08, 33.37, 68.31]
[295, 791, 32];[63.62, 42.04, 90.59]
[337, 860, 919];[70.55, 54.98, 61.79]
[303, 286, 128];[49.5, 15.99, 82.87]
[296, 948, 150];[90.74, 111.15, 4.9]
[304, 834, 436];[28.05, 92.72, 82.35]
[249, 919, 603];[59.31, 62.9, 51.63]
[145, 918, 421];[35.83, 35.27, 7.91]
[286, 645, 577];[9.05, 51.45, 58.6]
[833, 451, 946];[69.69, 10.08, 74.81]
[240, 437, 67];[62.92, 54.0, 38.01]
[551, 861, 766];[75.25, 43.36, 54.17]
[885, 775, 213];[55.83, 44.49, 45.72]
[99, 566, 602];[33.77, 39.59, 54.06]
[957, 7, 220];[85.09, 49.15, 46.76]
[301, 766, 392];[65.94, 54.74, 45.96]
[312, 29, 27];[64.85, 23.47, 48.19]
[27, 779, 343];[48.16, 44.5, 51.48]
[790, 871, 372];[6.88, 26.49, 66.34]
[891, 261, 793];[77.38, 66.89, 41.27]
[803, 427, 923];[43.77, 56.92, 13.71]
[976, 972, 475];[43.6, 72.28, 18.34]
[923, 728, 139];[15.1, 73.41, 68.44]
[9, 78, 94];[48.88, 41.22, 75.71]
[921, 751, 964];[61.52, 60.43, 63.03]
[873, 320, 995];[60.39, 56.03, 55.27]
[805, 955, 560];[26.08, 41.2, 38.46]
[418, 771, 156];[72.86, 93.26, 74.95]
[877, 53, 972];[46.56, 28.99, 63.3]
[896, 251, 914];[52.46, 77.87, 46.67]
[402, 569, 295];[18.58, 40.91, 59.11]
[643, 869, 22];[41.16, 51.86, 71.66]
[781, 860, 146];[34.71, 50.7, 55.98]
[931, 566, 459];[77.55, 38.54, 43.17]
[860, 763, 931];[53.69, 47.75, 70.57]
[160, 23, 775];[64.27, 52.55, 46.35]
[34, 766, 109];[84.17, 64.69, 90.47]
[252, 917, 790];[65.81, 20.43, 7.36]
[219, 40, 884];[42.95, 64.97, 61.33]
[374, 448, 805];[71.98, 63.1, 28.02]
[313, 869, 925];[57.49, 46.33, 55.68]
[104, 779, 251];[49.79, 40.41, 65.64]
[2, 316, 412];[71.28, 37.87, 70.17]
[448, 105, 133];[71.22, 65.73, 11.65]
[951, 766, 955];[40.46, 53.76, 42.18]
[929, 223, 570];[40.01, 59.83, 32.87]
[296, 893, 73];[75.34, 67.15, 81.73]
[104, 235, 212];[50.63, 45.15, 35.69]
[884, 755, 159];[60.24, 65.86, 77.66]
[437, 769, 928];[53.01, 57.7, 47.99]
[426, 882, 104];[17.57, 44.08, 40.84]
[291, 560, 787];[77.78, 49.57, 58.75]
[84, 142, 644];[31.39, 19.12, 63.57]
[919, 643, 254];[78.03, 48.12, 70.22]
[754, 732, 842];[32.51, 74.8, 29.87]
[47, 159, 727];[76.62, 73.48, 91.81]
[291, 798, 569];[63.37, 67.74, 60.35]
[870, 945, 645];[78.71, 23.06, 46.01]
[329, 292, 73];[81.41, 13.19, 71.34]
[160, 6, 832];[87.0, 93.64, 46.84]
[140, 273, 158];[23.96, 77.25, 72.17]
[301, 421, 77];[67.69, 22.39, 76.97]
[211, 861, 338];[71.3, 49.31, 25.65]
[476, 748, 803];[68.12, 63.22, 44.29]
[871, 569, 215];[16.98, 62.99, 51.44]
[889, 965, 566];[65.02, 60.09, 34.41]
[331, 798, 105];[58.49, 54.39, 76.02]
[338, 560, 865];[21.38, 68.32, 74.34]
[760, 896, 256];[18.88, 55.51, 85.32]
[320, 73, 970];[50.84, 73.86, 18.46]
[801, 464, 138];[32.0, 50.0, 20.01]
[917, 178, 793];[31.71, 56.58, 36.29]
[295, 843, 90];[57.38, 61.06, 53.71]
[928, 274, 421];[44.67, 52.38, 19.33]
[766, 165, 40];[54.23, 56.31, 83.73]
[320, 261, 771];[57.63, 64.28, 89.18]
[220, 418, 826];[46.54, 70.56, 23.5]
[21, 403, 22];[85.06, 58.89, 65.69]
[83, 795, 28];[57.85, 44.29, 33.82]
[66, 751, 533];[33.14, 56.19, 70.31]
[279, 780, 874];[71.35, 82.43, 42.51]
[55, 286, 38];[71.86, 25.02, 65.51]
[882, 766, 261];[43.65, 50.96, 60.53]
[55, 46, 801];[64.71, 29.49, 24.74]
[946, 396, 861];[84.05, 46.73, 71.35]
[931, 868, 341];[71.63, 36.17, 47.85]
[958, 279, 334];[48.38, 71.11, 33.9]
[865, 917, 801];[62.76, 27.33, 23.3]
[362, 875, 146];[60.69, 36.51, 51.2]
[363, 372, 29];[73.81, 63.95, 21.41]
[754, 369, 179];[36.55, 54.13, 67.1]
[363, 861, 335];[66.52, 67.16, 60.53]
[220, 831, 950];[39.81, 85.35, 53.69]
[261, 791, 220];[59.35, 41.5, 38.9]
[923, 46, 788];[9.64, 20.35, 43.23]
[255, 374, 145];[56.08, 78.13, 55.53]
[604, 147, 178];[12.32, 44.38, 58.96]
[133, 138, 751];[9.92, 26.32, 54.16]
[207, 645, 53];[11.03, 33.61, 36.71]
[135, 801, 212];[15.04, 13.17, 28.87]
[279, 158, 165];[68.01, 53.99, 55.99]
[105, 109, 834];[66.21, 74.28, 81.87]
[805, 220, 893];[32.01, 47.6, 67.77]
[369, 65, 335];[60.71, 45.33, 58.96]
[870, 842, 358];[72.1, 38.39, 49.55]
[762, 32, 965];[71.1, 98.27, 69.5]
[178, 251, 461];[61.29, 67.56, 74.43]
[78, 782, 832];[42.07, 38.25, 51.64]
[213, 320, 254];[44.26, 56.4, 68.9]
[774, 839, 58];[68.44, 17.25, 78.4]
[800, 749, 533];[48.06, 72.45, 77.73]
[965, 951, 577];[59.62, 38.65, 42.71]
[461, 472, 435];[67.84, 68.68, 42.71]
[881, 163, 412];[54.92, 68.4, 78.63]
[551, 156, 312];[78.85, 84.09, 66.75]
[645, 343, 219];[19.96, 51.77, 35.7]
[295, 334, 779];[55.85, 39.38, 44.98]
[147, 778, 955];[41.21, 26.36, 36.97]
[833, 150, 48];[72.54, 13.31, 81.59]
[907, 301, 156];[21.66, 65.71, 59.92]
[279, 876, 757];[83.4, 52.89, 32.37]
[922, 801, 754];[79.55, 12.72, 36.48]
[135, 125, 752];[30.71, 66.32, 66.13]
[163, 948, 47];[69.2, 107.95, 71.73]
[866, 753, 216];[42.64, 33.52, 51.23]
[896, 436, 475];[53.19, 76.06, 13.14]
[695, 446, 138];[28.28, 60.81, 28.86]
[794, 786, 459];[142.18, 37.26, 52.73]
[794, 373, 871];[106.37, 40.96, 9.74]
[396, 914, 165];[55.94, 69.87, 63.23]
[160, 769, 362];[66.0, 53.79, 58.02]
[163, 387, 442];[65.05, 34.02, 29.09]
[77, 238, 442];[82.79, 32.56, 27.69]
[223, 235, 842];[55.94, 45.68, 38.45]
[874, 459, 918];[49.98, 45.94, 26.36]
[872, 46, 464];[41.5, 61.68, 47.82]
[928, 733, 146];[47.88, 78.56, 61.82]
[17, 577, 363];[53.89, 41.6, 99.65]
[867, 727, 22];[36.94, 87.31, 84.94]
[276, 733, 35];[29.4, 71.96, 78.83]
[425, 27, 556];[68.96, 39.85, 40.05]
[841, 859, 255];[61.42, 5.88, 42.47]
[942, 104, 569];[66.14, 48.43, 40.87]
[858, 882, 794];[45.12, 37.52, 117.65]
[9, 965, 23];[50.12, 49.6, 54.24]
[118, 566, 53];[34.16, 32.14, 35.52]
[781, 215, 559];[43.46, 49.87, 54.06]
[255, 956, 564];[44.6, 69.97, 106.65]
[138, 873, 21];[18.93, 65.89, 80.63]
[256, 727, 958];[108.73, 84.76, 37.07]
[78, 46, 803];[47.18, 55.64, 34.6]
[99, 94, 774];[35.89, 71.37, 62.0]
[766, 201, 881];[69.67, 86.81, 52.35]
[145, 577, 604];[78.39, 64.18, 6.7]
[274, 834, 958];[56.47, 56.28, 30.44]
[20, 11, 304];[49.51, 72.71, 27.85]
[101, 227, 972];[28.59, 75.46, 72.51]
[787, 976, 604];[70.31, 15.54, 9.56]
[341, 219, 645];[36.43, 46.62, 35.2]
[896, 794, 752];[75.04, 101.2, 45.78]
[369, 923, 796];[60.04, 12.01, 63.99]
[645, 147, 135];[29.36, 45.83, 30.32]
[873, 843, 327];[58.08, 61.1, 51.44]
[160, 418, 921];[66.4, 69.07, 61.61]
[559, 259, 442];[62.36, 49.54, 24.5]
[995, 312, 559];[53.59, 65.44, 61.88]
[570, 870, 889];[38.33, 69.6, 63.6]
[643, 442, 35];[34.03, 20.4, 88.98]
[212, 922, 8];[40.43, 82.38, 77.6]
[760, 362, 789];[34.94, 57.01, 74.89]
[342, 312, 212];[70.35, 59.6, 39.68]
[372, 77, 337];[69.59, 77.22, 63.57]
[318, 870, 733];[61.99, 62.88, 70.35]
[789, 36, 757];[67.98, 40.93, 33.35]
[894, 777, 922];[43.17, 18.01, 81.57]
[11, 163, 259];[102.12, 69.4, 39.1]
[84, 797, 351];[43.73, 62.15, 67.1]
[577, 569, 865];[63.21, 46.94, 54.53]
[880, 964, 923];[18.66, 62.94, 8.53]
[945, 783, 365];[5.13, 80.57, 29.35]
[554, 919, 425];[70.18, 64.91, 75.25]
[563, 801, 842];[85.2, 15.88, 25.2]
[796, 201, 304];[51.03, 65.77, 18.17]
[276, 920, 369];[32.52, 43.35, 57.45]
[577, 835, 921];[57.06, 44.74, 65.45]
[833, 437, 158];[94.16, 49.7, 75.03]
[559, 835, 165];[57.88, 46.29, 73.99]
[18, 36, 759];[55.74, 41.39, 57.0]
[139, 801, 955];[74.52, 10.21, 33.37]
[17, 869, 159];[47.4, 52.97, 67.73]
[40, 320, 780];[83.94, 56.0, 80.01]
[17, 219, 249];[59.96, 31.74, 52.27]
[751, 359, 172];[57.68, 43.18, 60.68]
[26, 22, 337];[10.3, 65.0, 60.72]
[866, 220, 146];[56.06, 44.94, 51.07]
[928, 861, 798];[43.41, 58.77, 64.58]
[133, 109, 46];[14.96, 75.57, 33.28]
[87, 860, 426];[25.14, 52.26, 18.47]
[835, 533, 313];[49.71, 78.75, 63.42]
[34, 797, 9];[88.32, 66.32, 55.36]
[8, 472, 880];[70.0, 72.42, 18.98]
[220, 216, 339];[40.74, 49.75, 6.27]
[78, 253, 551];[39.57, 59.99, 78.91]
[374, 799, 836];[70.25, 63.79, 51.18]
[427, 292, 125];[54.75, 10.4, 53.78]
[730, 881, 316];[54.53, 58.7, 49.36]
[212, 748, 948];[27.77, 52.71, 108.36]
[30, 83, 118];[36.81, 70.32, 27.66]
[727, 296, 251];[94.38, 87.77, 43.86]
[286, 135, 427];[22.39, 19.67, 49.91]
[753, 6, 53];[43.88, 118.01, 45.02]
[561, 104, 249];[62.39, 51.84, 61.91]
[858, 286, 109];[62.42, 13.19, 85.1]
[749, 105, 800];[75.32, 83.41, 25.7]
[53, 442, 313];[54.8, 26.75, 56.99]
[769, 833, 831];[49.58, 81.54, 70.86]
[139, 22, 158];[77.57, 62.84, 71.56]
[957, 26, 342];[92.7, -6.18, 69.22]
[48, 859, 644];[72.65, 4.11, 67.64]
[730, 790, 475];[50.5, -12.9, -8.78]
[35, 958, 312];[87.96, 41.99, 61.41]
[286, 254, 159];[29.63, 60.67, 80.05]
[469, 201, 876];[25.94, 58.27, 58.87]
[645, 882, 211];[44.85, 42.42, 64.14]
[958, 91, 881];[45.53, 81.52, 61.28]
[223, 971, 18];[59.26, 72.83, 59.71]
[259, 172, 279];[50.5, 61.58, 72.43]
[566, 461, 451];[39.79, 74.49, 20.56]
[604, 403, 431];[3.0, 54.22, 41.61]
[922, 331, 84];[81.64, 67.02, 2.59]
[859, 749, 142];[17.42, 65.23, 17.23]
[337, 303, 461];[62.42, 49.41, 61.11]
[32, 421, 207];[100.31, 15.53, 11.07]
[873, 46, 146];[67.26, 26.6, 48.83]
[201, 894, 567];[59.86, 50.46, 70.34]
[799, 294, 948];[73.3, 81.27, 96.78]
[861, 84, 337];[54.62, 5.3, 61.8]
[165, 73, 292];[63.35, 78.05, 13.41]
[797, 892, 30];[75.03, 89.93, 31.58]
[889, 878, 928];[67.37, 52.55, 38.64]
[551, 89, 711];[72.95, 5.32, 4.44]
[156, 77, 23];[84.65, 65.76, 66.56]
[73, 843, 890];[69.19, 76.2, 67.66]
[950, 602, 2];[46.62, 47.85, 84.54]
[891, 426, 841];[77.99, 18.65, 83.86]
[67, 787, 803];[35.07, 54.52, 49.77]
[83, 803, 769];[75.21, 50.42, 65.46]
[244, 778, 66];[40.2, 27.45, 21.19]
[789, 695, 790];[70.64, 20.87, -3.62]
[883, 759, 316];[61.11, 43.67, 44.3]
[896, 771, 421];[46.26, 86.64, 20.0]
[338, 387, 37];[26.28, 34.45, 70.21]
[559, 942, 896];[62.06, 53.03, 48.53]
[861, 695, 958];[42.59, 36.78, 44.02]
[431, 446, 60];[38.71, 69.96, 31.0]
[17, 413, 769];[58.8, 47.23, 57.66]
[754, 728, 533];[38.87, 74.47, 73.84]
[777, 931, 84];[21.4, 63.11, 17.26]
[405, 789, 392];[62.61, 68.16, 50.86]
[128, 914, 255];[89.31, 41.04, 52.07]
[779, 890, 907];[44.85, 57.5, 28.35]
[11, 883, 643];[102.71, 63.81, 38.78]
[138, 256, 880];[22.41, 79.52, 22.27]
[871, 402, 213];[15.89, 19.53, 43.48]
[858, 138, 318];[53.11, 22.9, 63.22]
[220, 831, 372];[35.66, 58.54, 66.02]
[799, 255, 91];[69.04, 56.82, 69.59]
[560, 252, 799];[51.96, 63.06, 66.9]
[106, 99, 873];[47.46, 24.43, 63.17]
[799, 570, 318];[63.1, 29.19, 59.3]
[842, 238, 6];[9.75, 18.91, 94.05]
[566, 104, 403];[35.59, 46.08, 58.24]
[782, 53, 644];[57.95, 40.33, 64.2]
[554, 776, 956];[69.38, 52.22, 76.9]
[753, 425, 8];[45.75, 70.72, 51.46]
[338, 949, 995];[21.62, -0.1, 34.52]
[223, 66, 931];[37.28, -6.82, 35.59]
[448, 402, 77];[66.32, 1.14, 50.03]
[26, 442, 464];[5.67, 17.58, 15.92]
[335, 760, 286];[51.05, 40.33, -4.02]
[160, 32, 922];[66.0, 99.95, 70.01]
[303, 950, 40];[46.3, 43.8, 81.57]
[570, 797, 945];[37.08, 69.48, 14.42]
[135, 778, 475];[30.83, 20.19, 19.02]
[402, 972, 577];[18.25, 66.36, 39.68]
[885, 431, 832];[42.52, 40.27, 49.83]
[405, 67, 971];[63.68, 40.74, 74.23]
[793, 138, 374];[38.91, 20.88, 74.77]
[58, 728, 362];[77.6, 72.01, 59.65]
[749, 570, 843];[68.74, 40.37, 64.39]
[60, 46, 142];[24.6, 22.78, 13.88]
[928, 896, 922];[44.03, 46.59, 73.19]
[235, 464, 286];[43.89, 37.96, 16.85]
[104, 946, 471];[49.81, 73.25, 17.51]
[834, 331, 871];[76.69, 58.98, 18.52]
[351, 885, 320];[89.08, 46.12, 66.63]
[929, 316, 559];[36.51, 44.47, 65.98]
[832, 374, 919];[38.16, 72.31, 63.15]
[36, 363, 774];[41.29, 65.14, 80.04]
[917, 67, 727];[22.51, 32.5, 90.43]
[782, 149, 138];[46.62, 102.78, 14.98]
[748, 48, 47];[48.94, 61.32, 77.75]
[602, 40, 172];[45.32, 86.25, 61.12]
[970, 896, 472];[15.0, 46.33, 60.34]
[644, 705, 65];[67.87, 61.96, 38.01]
[279, 895, 30];[86.59, 55.49, 24.79]
[801, 947, 777];[12.38, 69.23, 7.05]
[801, 253, 802];[13.79, 75.21, 61.1]
[83, 427, 893];[72.27, 56.91, 61.1]
[140, 946, 918];[23.89, 87.7, 27.83]
[165, 965, 451];[55.99, 70.0, 20.0]
[48, 60, 873];[66.1, 31.8, 57.01]
[412, 776, 105];[73.17, 52.74, 66.22]
[882, 329, 292];[42.89, 71.59, 13.4]
[788, 338, 20];[36.62, 26.28, 68.53]
[866, 338, 331];[55.59, 28.46, 62.62]
[343, 778, 73];[54.1, 31.62, 74.3]
[253, 374, 66];[60.16, 79.39, 13.93]
[21, 60, 165];[73.33, 27.59, 64.4]
[894, 789, 47];[43.0, 66.39, 66.25]
[9, 156, 329];[52.68, 85.28, 58.23]
[795, 964, 642];[44.75, 61.04, 21.61]
[163, 798, 454];[69.9, 57.13, 17.07]
[412, 711, 46];[75.71, 17.23, 36.04]
[166, 965, 291];[48.49, 44.39, 69.12]
[296, 418, 561];[78.04, 72.4, 56.36]
[335, 27, 313];[64.35, 25.94, 67.06]
[91, 881, 40];[70.46, 57.78, 65.07]
[207, 427, 801];[16.74, 61.14, 8.07]
[276, 211, 38];[45.98, 74.38, 60.3]
[833, 372, 48];[82.34, 77.42, 83.54]
[995, 882, 563];[65.27, 45.46, 102.7]
[876, 970, 751];[59.93, 12.82, 91.53]
[334, 40, 211];[50.88, 71.98, 62.21]
[84, 337, 165];[32.27, 63.29, 88.49]
[259, 551, 150];[33.74, 88.54, 17.31]
[793, 768, 958];[41.92, 9.31, 50.15]
[83, 570, 755];[60.82, 41.31, 53.4]
[89, 359, 976];[-1.55, 51.41, 31.01]
[425, 834, 762];[74.17, 78.53, 75.06]
[971, 100, 766];[70.02, 12.03, 54.02]
[436, 894, 946];[65.75, 57.88, 70.16]
[104, 841, 110];[49.68, 70.43, 65.58]
[773, 876, 801];[42.53, 58.58, 30.79]
[252, 880, 803];[60.92, 19.73, 47.03]
[801, 569, 907];[30.78, 50.61, 41.47]
[28, 292, 874];[32.74, 12.3, 43.74]
[779, 757, 109];[40.08, 34.13, 73.12]
[556, 919, 145];[33.03, 64.37, 51.15]
[316, 643, 874];[45.23, 31.35, 38.45]
[843, 412, 159];[66.29, 63.17, 81.64]
[435, 928, 843];[44.22, 40.26, 66.28]
[286, 865, 83];[27.51, 53.16, 50.62]
[995, 131, 320];[57.34, 21.11, 55.84]
[296, 213, 780];[78.86, 43.48, 81.48]
[476, 459, 919];[65.79, 46.94, 59.03]
[791, 842, 244];[38.12, 30.99, 48.2]
[763, 60, 570];[58.35, 28.33, 25.84]
[790, 951, 878];[16.25, 43.22, 53.13]
[946, 427, 48];[63.27, 45.09, 63.42]
[866, 426, 799];[46.68, 15.39, 76.37]
[951, 259, 447];[44.85, 43.59, 55.79]
[445, 392, 109];[56.24, 59.89, 70.81]
[775, 792, 216];[54.1, 88.58, 38.95]
[365, 273, 405];[36.76, 93.92, 47.77]
[421, 303, 800];[21.46, 46.73, 55.42]
[66, 831, 931];[22.14, 61.02, 55.01]
[342, 362, 951];[63.57, 45.13, 40.01]
[22, 758, 788];[46.74, 37.24, 29.83]
[133, 958, 334];[13.87, 35.55, 46.19]
[249, 244, 150];[51.85, 43.93, 22.02]
[421, 775, 755];[19.74, 44.28, 58.52]
[781, 914, 343];[36.18, 39.76, 53.29]
[461, 840, 421];[70.36, 16.95, 19.4]
[732, 563, 602];[52.13, 75.87, 56.2]
[166, 872, 387];[45.29, 40.28, 34.11]
[865, 858, 476];[59.17, 51.95, 57.27]
[556, 749, 928];[33.05, 65.97, 43.35]
[363, 301, 919];[77.69, 69.59, 64.62]
[872, 801, 733];[37.7, 29.84, 86.26]
[925, 769, 642];[54.25, 60.69, 27.44]
[46, 220, 956];[40.44, 46.15, 49.22]
[787, 435, 291];[61.72, 35.96, 78.47]
[402, 403, 145];[21.59, 52.36, 55.71]
[454, 359, 249];[12.84, 46.2, 46.85]
[797, 362, 891];[75.09, 63.36, 72.44]
[923, 160, 840];[7.52, 85.55, 16.8]
[604, 165, 869];[0.39, 64.17, 47.43]
[131, 373, 787];[18.8, 42.43, 56.25]
[405, 840, 472];[62.8, 17.22, 67.28]
[291, 279, 919];[63.91, 74.33, 63.75]
[955, 786, 945];[38.08, 68.27, 28.49]
[950, 602, 871];[47.92, 54.38, 20.13]
[842, 826, 728];[25.22, 21.61, 79.06]
[128, 244, 567];[93.38, 47.37, 68.21]
[860, 711, 843];[57.67, 3.53, 77.24]
[795, 463, 27];[48.71, 33.92, 49.29]
[874, 914, 147];[64.46, 79.82, 42.15]
[835, 885, 711];[59.18, 35.52, 0.81]
[867, 949, 446];[3.29, 33.91, 73.66]
[947, 255, 860];[70.01, 45.89, 43.96]
[463, 564, 469];[52.91, 89.78, 28.01]
[800, 124, 643];[63.7, 65.68, 26.51]
[798, 758, 165];[84.48, 41.82, 56.02]
[66, 320, 147];[28.69, 57.52, 42.41]
[942, 836, 867];[54.69, 51.02, 18.19]
[396, 889, 728];[49.2, 58.77, 69.95]
[165, 976, 553];[58.18, 40.43, 47.56]
[868, 60, 972];[39.91, 31.46, 66.43]
[35, 859, 294];[101.3, 14.52, 77.42]
[645, 100, 172];[56.44, 11.33, 64.29]
[201, 839, 835];[59.51, 15.9, 58.5]
[794, 732, 160];[135.37, 53.28, 63.01]
[795, 569, 459];[39.85, 29.69, 49.2]
[11, 104, 392];[106.04, 47.9, 48.19]
[790, 843, 995];[10.71, 63.15, 47.27]
[362, 875, 890];[68.28, 34.93, 54.71]
[842, 403, 90];[36.63, 45.83, 48.84]
[733, 776, 405];[77.81, 48.86, 50.48]
[304, 971, 759];[20.12, 59.04, 60.92]
[413, 893, 35];[53.66, 65.57, 91.49]
[948, 6, 118];[102.45, 103.81, 13.04]
[251, 786, 30];[41.4, 66.37, 22.92]
[335, 125, 8];[58.85, 48.07, 81.28]
[447, 223, 73];[62.91, 72.11, 65.25]
[32, 201, 360];[73.38, 69.4, 49.63]
[342, 759, 799];[85.82, 57.4, 63.31]
[918, 104, 252];[24.8, 45.81, 64.36]
[971, 748, 889];[51.65, 29.8, 36.21]
[342, 139, 35];[71.1, 59.72, 72.51]
[843, 259, 751];[60.01, 51.86, 56.02]
[451, 768, 403];[21.15, 12.02, 55.96]
[65, 949, 147];[47.43, 46.69, 46.13]
[869, 150, 178];[46.51, 21.47, 58.37]
[890, 320, 958];[55.18, 55.89, 42.55]
[802, 843, 55];[72.41, 62.27, 64.7]
[172, 87, 251];[60.79, 22.4, 67.23]
[956, 301, 928];[59.53, 65.18, 45.73]
[931, 873, 329];[64.41, 61.28, 75.05]
[461, 775, 942];[81.51, 46.35, 58.19]
[884, 755, 914];[58.52, 62.86, 52.09]
[881, 793, 327];[55.16, 38.17, 63.65]
[463, 295, 569];[50.07, 58.32, 49.44]
[970, 757, 320];[22.0, 31.89, 53.93]
[58, 256, 73];[76.9, 83.13, 81.81]
[948, 36, 730];[93.74, 46.89, 44.11]
[374, 570, 219];[92.34, 57.49, 34.07]
[755, 67, 261];[64.34, 38.92, 67.02]
[448, 220, 358];[64.15, 43.14, 55.4]
[551, 787, 797];[92.49, 72.84, 76.27]
[778, 877, 896];[46.23, 35.69, 55.71]
[160, 711, 755];[78.34, 0.26, 70.8]
[789, 142, 91];[75.67, 14.74, 71.73]
[124, 796, 78];[60.31, 53.07, 42.41]
[369, 146, 728];[68.27, 58.74, 63.66]
[253, 426, 274];[61.59, 11.71, 68.09]
[339, 872, 223];[21.61, 38.48, 93.07]
[463, 338, 53];[42.24, 20.92, 45.72]
[604, 19, 341];[1.38, 68.2, 35.92]
[972, 78, 158];[76.12, 40.43, 71.54]
[800, 211, 880];[62.12, 62.12, 20.64]
[431, 839, 32];[38.31, 22.23, 97.06]
[53, 286, 776];[31.67, 23.18, 54.67]
[448, 563, 871];[70.87, 77.42, 19.91]
[947, 869, 131];[74.12, 46.15, 21.22]
[99, 801, 774];[30.86, 23.07, 66.37]
[840, 826, 603];[17.76, 17.52, 63.56]
[763, 799, 695];[52.46, 71.09, 38.95]
[215, 758, 860];[50.24, 42.89, 52.78]
[17, 976, 30];[52.36, 35.85, 33.78]
[950, 948, 553];[48.83, 104.6, 46.15]
[166, 925, 106];[45.8, 55.82, 44.18]
[27, 865, 292];[56.15, 51.55, 12.75]
[365, 48, 66];[38.23, 64.61, 25.21]
[783, 970, 957];[78.86, 13.63, 83.71]
[65, 160, 755];[28.84, 90.65, 68.46]
[360, 29, 972];[43.55, 26.74, 72.25]
[113, 931, 644];[111.31, 54.81, 61.71]
[858, 337, 365];[62.18, 61.74, 45.01]
[412, 771, 958];[64.48, 124.07, 40.45]
[84, 142, 965];[19.46, 11.74, 70.52]
[212, 339, 427];[34.28, -4.4, 50.31]
[802, 362, 929];[62.67, 51.41, 35.97]
[929, 554, 73];[32.3, 68.67, 66.1]
[951, 757, 255];[38.2, 46.4, 48.23]
[212, 106, 334];[38.4, 32.28, 48.51]
[351, 135, 238];[86.08, 30.48, 11.3]
[212, 66, 427];[35.29, 30.22, 41.0]
[831, 833, 786];[63.7, 71.16, 27.09]
[329, 896, 139];[87.25, 35.06, 60.89]
[339, 777, 831];[12.01, 18.01, 67.31]
[255, 405, 874];[47.03, 60.28, 46.24]
[895, 150, 869];[50.32, 21.69, 46.85]
[34, 99, 259];[93.76, 33.9, 50.99]
[110, 73, 99];[66.45, 79.3, 33.85]
[249, 877, 878];[52.1, 41.83, 54.93]
[363, 335, 771];[67.7, 61.17, 96.36]
[146, 435, 884];[51.43, 38.96, 63.24]
[603, 643, 889];[64.13, 33.7, 65.84]
[329, 253, 256];[76.54, 58.38, 75.2]
[923, 40, 53];[17.15, 75.87, 34.19]
[213, 374, 892];[45.99, 75.93, 79.36]
[642, 113, 179];[23.34, 101.18, 59.65]
[768, 131, 563];[11.86, 19.78, 90.68]
[291, 427, 758];[58.75, 59.13, 46.58]
[140, 435, 826];[27.87, 36.45, 16.37]
[947, 832, 877];[79.3, 42.77, 38.59]
[471, 17, 274];[12.62, 55.46, 58.53]
[885, 705, 338];[56.0, 60.6, 21.91]
[733, 118, 955];[66.54, 22.01, 42.37]
[803, 392, 128];[52.47, 44.79, 89.61]
[567, 89, 35];[68.38, 6.2, 89.06]
[559, 142, 7];[57.7, 17.36, 50.01]
[832, 703, 454];[40.81, 58.55, 18.55]
[67, 928, 128];[60.75, 49.51, 94.66]
[776, 331, 730];[57.52, 59.75, 45.16]
[303, 556, 360];[54.34, 22.19, 65.06]
[882, 832, 387];[47.81, 43.31, 45.75]
[604, 758, 875];[4.71, 48.72, 31.5]
[279, 436, 142];[78.71, 81.78, 15.58]
[47, 563, 946];[65.74, 76.0, 69.95]
[374, 730, 882];[69.04, 47.12, 43.42]
[836, 843, 11];[51.56, 61.41, 98.73]
[142, 798, 405];[16.84, 73.71, 60.69]
[335, 642, 476];[58.84, 28.04, 54.38]
[296, 860, 30];[73.16, 55.14, 36.51]
[732, 805, 339];[53.33, 34.6, 6.71]
[777, 29, 135];[29.2, 26.6, 30.5]
[91, 334, 564];[79.66, 29.64, 110.33]
[238, 66, 427];[23.73, 24.31, 55.37]
[463, 459, 255];[49.4, 40.54, 52.98]
[26, 38, 342];[9.63, 60.14, 86.61]
[798, 842, 292];[81.71, 40.83, 12.21]
[318, 34, 110];[60.57, 90.15, 65.66]
[797, 892, 227];[66.84, 80.85, 71.38]
[90, 551, 48];[55.97, 86.88, 71.9]
[766, 318, 146];[47.98, 60.01, 48.98]
[252, 372, 304];[63.08, 74.67, 23.24]
[894, 945, 769];[45.15, 1.25, 60.84]
[94, 445, 19];[76.52, 59.61, 68.24]
[880, 895, 286];[12.35, 49.74, 17.26]
[116, 839, 569];[41.41, 6.7, 21.4]
[11, 405, 90];[84.48, 65.16, 54.38]
[964, 99, 759];[52.67, 18.31, 36.83]
[643, 34, 882];[35.2, 77.97, 40.67]
[775, 602, 249];[59.19, 44.57, 66.99]
[212, 976, 251];[38.6, 27.54, 65.57]
[48, 100, 971];[84.32, 16.99, 84.27]
[249, 771, 970];[56.91, 100.65, 3.86]
[965, 341, 88];[51.48, 39.62, -4.37]
[955, 131, 159];[42.0, 24.03, 80.0]
[23, 318, 727];[52.1, 56.68, 81.18]
[859, 53, 105];[19.53, 31.67, 62.97]
[859, 782, 776];[19.22, 34.07, 60.73]
[30, 21, 949];[35.34, 87.88, 50.2]
[227, 604, 313];[64.79, 3.8, 58.56]
[475, 91, 803];[15.94, 79.99, 43.22]
[771, 780, 868];[98.75, 83.82, 39.21]
[836, 858, 273];[24.25, 51.67, 68.37]
[166, 728, 771];[42.12, 72.59, 94.36]
[868, 7, 878];[37.58, 48.73, 59.19]
[878, 89, 36];[58.29, 9.18, 47.65]
[89, 794, 178];[9.4, 136.4, 55.12]
[372, 766, 17];[65.36, 44.54, 58.78]
[790, 475, 836];[6.23, 10.08, 25.57]
[475, 216, 907];[11.34, 44.61, 42.35]
[113, 754, 327];[103.48, 40.67, 52.06]
[100, 923, 732];[1.37, 9.11, 46.32]
[476, 249, 454];[57.04, 49.94, 8.37]
[925, 461, 7];[56.26, 86.14, 47.75]
[777, 875, 836];[24.21, 28.95, 23.79]
[951, 292, 765];[31.5, 8.46, 67.8]
[774, 559, 695];[72.69, 67.72, 40.73]
[877, 40, 921];[29.87, 97.23, 57.67]
[26, 795, 35];[-0.32, 46.68, 101.33]
[106, 105, 30];[39.32, 70.05, 33.99]
[238, 451, 834];[18.43, 11.13, 95.13]
[471, 216, 304];[-4.55, 37.63, 19.84]
[920, 733, 757];[39.62, 72.04, 38.51]
[733, 436, 928];[63.0, 68.85, 33.68]
[392, 776, 880];[43.98, 53.86, 20.64]
[949, 469, 803];[55.17, 25.25, 42.13]
[733, 318, 77];[83.91, 55.22, 99.28]
[253, 778, 34];[56.11, 15.11, 92.79]
[48, 313, 201];[63.87, 57.39, 64.76]
[789, 207, 256];[73.18, 9.91, 90.57]
[929, 118, 972];[31.87, 39.58, 62.23]
[47, 732, 135];[61.94, 45.87, 28.31]
[703, 643, 396];[61.88, 23.27, 43.23]
[833, 445, 567];[59.24, 49.74, 66.29]
[253, 786, 783];[53.37, 46.72, 72.11]
[570, 778, 805];[31.06, 17.59, 30.32]
[798, 363, 201];[67.67, 83.58, 53.22]
[445, 871, 313];[45.47, 17.6, 59.84]
[140, 28, 139];[18.36, 29.08, 58.16]
[914, 9, 874];[32.46, 39.38, 62.75]
[223, 135, 235];[88.04, 30.76, 61.45]
[329, 749, 472];[80.37, 65.87, 72.64]
[559, 235, 219];[53.25, 62.68, 37.11]
[461, 918, 32];[117.73, 29.82, 84.72]
[892, 100, 8];[64.51, 5.09, 68.5]
[78, 38, 602];[37.86, 51.84, 70.53]
[885, 37, 20];[34.95, 55.27, 71.82]
[418, 787, 91];[80.59, 62.32, 64.84]
[8, 116, 292];[61.7, 34.29, 8.04]
[403, 956, 949];[62.59, 30.08, 83.75]
[149, 106, 560];[141.02, 50.65, 44.76]
[805, 21, 67];[27.15, 94.75, 32.49]
[212, 78, 894];[30.05, 34.57, 58.24]
[797, 179, 471];[49.55, 39.83, 14.97]
[964, 67, 860];[54.13, 38.01, 43.96]
[748, 255, 22];[53.26, 46.43, 64.95]
[923, 995, 359];[12.29, 51.9, 42.7]
[337, 727, 604];[60.47, 82.86, 4.49]
[448, 705, 871];[71.53, 69.6, 27.08]
[755, 603, 19];[60.76, 66.38, 72.44]
[342, 955, 106];[72.2, 41.09, 49.98]
[427, 83, 553];[54.2, 45.32, 49.75]
[868, 876, 255];[45.3, 61.84, 44.78]
[30, 843, 794];[35.2, 59.4, 130.93]
[427, 89, 882];[48.45, 14.27, 41.6]
[826, 907, 47];[40.47, 37.44, 67.03]
[604, 22, 65];[1.93, 57.78, 48.47]
[304, 253, 101];[30.68, 58.79, 6.43]
[60, 946, 373];[30.64, 75.03, 44.01]
[917, 787, 140];[28.7, 75.71, 20.12]
[159, 783, 11];[79.03, 76.7, 110.95]
[142, 448, 751];[16.15, 68.95, 71.2]
[77, 454, 133];[73.5, 8.78, 8.59]
[554, 447, 787];[61.4, 54.25, 55.45]
[877, 642, 923];[41.52, 29.8, -0.84]
[754, 765, 563];[34.86, 73.67, 73.66]
[858, 566, 55];[46.2, 33.62, 61.25]
[475, 826, 99];[15.7, 52.79, 31.74]
[343, 875, 831];[45.98, 40.94, 61.79]
[387, 464, 178];[37.47, 41.13, 56.37]
[304, 840, 99];[27.53, 15.43, 29.88]
[834, 778, 881];[67.89, 47.0, 57.12]
[800, 727, 865];[45.6, 88.3, 47.96]
[359, 793, 447];[46.79, 40.46, 61.74]
[20, 320, 55];[68.01, 56.0, 57.88]
[369, 334, 896];[61.33, 31.8, 46.7]
[105, 36, 392];[66.8, 52.62, 46.4]
[556, 304, 36];[44.59, 23.86, 52.78]
[436, 839, 426];[70.66, 28.38, 15.29]
[795, 923, 942];[43.91, 12.54, 55.2]
[105, 776, 878];[60.28, 53.43, 58.53]
[842, 567, 948];[38.32, 74.03, 96.06]
[445, 859, 872];[56.63, 16.6, 43.02]
[645, 159, 362];[19.08, 77.56, 66.4]
[156, 733, 563];[86.45, 77.24, 70.93]
[256, 730, 895];[81.73, 49.2, 56.85]
[942, 427, 109];[53.06, 53.58, 76.41]
[125, 567, 774];[60.67, 75.89, 79.0]
[47, 337, 17];[75.11, 65.06, 66.65]
[751, 800, 760];[76.88, 57.64, 52.2]
[17, 833, 928];[65.64, 80.38, 44.13]
[211, 22, 295];[74.67, 71.62, 61.86]
[118, 788, 402];[48.7, 33.72, 27.29]
[878, 563, 252];[58.54, 81.9, 75.35]
[17, 150, 402];[72.53, 11.5, 25.43]
[329, 106, 695];[92.77, 43.17, 24.14]
[778, 782, 559];[37.67, 45.62, 61.11]
[337, 73, 790];[67.23, 77.44, -7.35]
[923, 20, 6];[5.35, 60.67, 126.07]
[965, 891, 78];[75.89, 90.95, 44.12]
[553, 147, 373];[88.58, 47.35, 42.1]
[253, 796, 149];[70.94, 55.25, 107.7]
[431, 733, 327];[74.99, 70.89, 41.57]
[789, 17, 835];[73.51, 48.85, 36.08]
[436, 418, 563];[65.13, 67.33, 76.0]
[569, 359, 880];[44.89, 42.42, 20.55]
