[476, 794, 142];[49.82, 129.93, 20.01]
[475, 533, 766];[19.76, 70.42, 54.07]
[928, 454, 970];[44.41, 16.14, 31.06]
[219, 951, 753];[26.78, 40.45, 35.67]
[220, 780, 131];[47.41, 83.34, 34.14]
[150, 9, 793];[20.87, 51.05, 38.73]
[7, 893, 67];[49.83, 73.46, 39.02]
[795, 66, 841];[39.98, 33.74, 70.39]
[876, 84, 931];[59.88, 18.13, 70.63]
[220, 836, 602];[42.99, 48.04, 51.33]
[942, 396, 418];[58.1, 51.56, 78.5]
[27, 212, 786];[39.03, 39.78, 65.08]
[728, 219, 945];[82.23, 28.49, 13.93]
[145, 244, 83];[57.01, 46.59, 48.51]
[58, 965, 11];[80.43, 54.81, 93.88]
[789, 894, 359];[75.62, 43.55, 42.41]
[100, 244, 165];[17.38, 44.23, 55.03]
[833, 781, 749];[83.38, 41.28, 67.44]
[705, 553, 146];[70.26, 45.74, 56.0]
[219, 158, 387];[32.1, 82.93, 44.01]
[868, 881, 135];[43.12, 62.27, 26.71]
[695, 454, 235];[59.71, 12.58, 50.49]
[447, 296, 876];[69.93, 81.9, 82.75]
[34, 26, 752];[81.41, 12.04, 78.44]
[402, 9, 227];[11.41, 42.11, 85.73]
[211, 786, 335];[67.39, 98.96, 59.18]
[235, 158, 138];[54.82, 70.45, 23.35]
[156, 387, 948];[78.57, 33.8, 96.78]
[426, 964, 782];[13.5, 61.94, 46.8]
[892, 732, 392];[67.17, 84.91, 45.96]
[291, 475, 873];[61.24, 20.01, 56.33]
[351, 776, 895];[67.93, 54.84, 50.2]
[403, 100, 387];[54.42, 12.59, 31.28]
[437, 83, 751];[52.74, 44.58, 59.97]
[569, 965, 100];[48.49, 66.75, 12.85]
[358, 942, 459];[51.24, 55.02, 45.09]
[695, 445, 425];[38.39, 57.66, 75.85]
[950, 471, 426];[39.99, 24.58, 18.1]
[19, 564, 125];[77.07, 82.45, 55.89]
[100, 929, 874];[12.68, 33.44, 49.14]
[38, 577, 645];[51.69, 58.52, 27.51]
[83, 369, 964];[43.75, 61.34, 51.72]
[891, 880, 603];[78.5, 18.38, 72.91]
[362, 227, 294];[57.63, 73.46, 85.43]
[436, 292, 797];[69.19, 13.04, 73.53]
[891, 360, 67];[73.98, 53.94, 40.3]
[435, 259, 841];[42.64, 42.65, 63.23]
[124, 603, 798];[72.11, 69.2, 74.12]
[32, 771, 22];[82.81, 111.01, 63.53]
[442, 791, 413];[18.52, 47.11, 50.04]
[564, 135, 763];[61.23, 31.42, 38.69]
[832, 149, 559];[36.2, 118.2, 66.09]
[412, 58, 435];[73.33, 56.05, 34.03]
[338, 875, 894];[30.28, 53.06, 33.71]
[875, 951, 29];[47.14, 44.03, 27.2]
[869, 158, 753];[57.67, 78.26, 25.34]
[970, 865, 110];[7.66, 56.72, 72.73]
[884, 73, 146];[63.76, 72.04, 60.67]
[351, 29, 179];[69.8, 25.5, 45.12]
[318, 970, 396];[74.04, -1.15, 61.81]
[755, 463, 273];[58.01, 53.71, 58.01]
[365, 426, 313];[32.21, 15.93, 57.86]
[602, 60, 754];[51.09, 31.57, 39.53]
[560, 339, 87];[39.39, 11.51, 22.62]
[928, 131, 751];[43.82, 23.85, 57.03]
[47, 923, 956];[66.78, 11.93, 55.73]
[831, 360, 320];[69.55, 47.58, 55.55]
[826, 882, 342];[24.54, 42.41, 70.05]
[929, 27, 23];[38.05, 48.87, 53.41]
[418, 942, 956];[73.52, 57.71, 66.05]
[131, 860, 873];[23.5, 50.57, 60.89]
[472, 359, 147];[69.73, 37.9, 46.88]
[295, 274, 113];[58.15, 53.5, 88.52]
[787, 783, 165];[58.04, 76.87, 57.24]
[147, 255, 781];[51.71, 53.25, 35.45]
[945, 223, 235];[22.7, 58.14, 47.58]
[560, 956, 124];[39.35, 69.25, 69.43]
[296, 110, 705];[76.95, 65.47, 74.22]
[26, 359, 921];[11.66, 38.76, 70.29]
[875, 312, 40];[46.11, 59.31, 86.84]
[860, 875, 17];[51.81, 45.02, 62.82]
[109, 48, 891];[71.74, 62.43, 62.08]
[73, 87, 695];[84.99, 21.01, 43.08]
[942, 140, 351];[61.74, 26.92, 70.01]
[131, 877, 883];[20.67, 44.68, 63.18]
[950, 951, 156];[48.53, 43.02, 80.13]
[559, 781, 421];[71.55, 41.95, 23.25]
[342, 463, 786];[64.69, 47.39, 46.39]
[884, 29, 881];[55.99, 28.1, 68.31]
[895, 358, 403];[45.77, 58.72, 47.39]
[893, 304, 327];[74.0, 26.0, 50.05]
[223, 128, 754];[56.36, 78.85, 39.42]
[67, 841, 801];[38.96, 69.89, 31.63]
[128, 29, 343];[79.87, 24.45, 57.69]
[373, 917, 950];[46.26, 34.72, 39.21]
[448, 948, 313];[71.31, 95.02, 58.9]
[763, 100, 769];[58.93, 17.47, 55.3]
[105, 831, 255];[67.13, 66.16, 54.2]
[341, 925, 47];[45.52, 69.46, 74.53]
[58, 792, 105];[87.53, 66.19, 61.54]
[65, 213, 27];[49.18, 41.19, 59.18]
[396, 235, 316];[58.78, 51.76, 46.66]
[970, 89, 711];[25.95, 5.27, -5.98]
[252, 9, 29];[59.74, 55.26, 26.77]
[730, 603, 312];[47.52, 56.84, 70.58]
[27, 907, 727];[46.6, 10.51, 88.7]
[179, 464, 885];[64.29, 43.31, 52.75]
[327, 475, 84];[50.48, 4.03, 27.09]
[870, 255, 777];[78.25, 63.48, 12.58]
[358, 834, 762];[51.44, 85.55, 84.54]
[703, 303, 448];[54.97, 45.11, 77.04]
[37, 331, 948];[73.6, 52.31, 123.48]
[566, 240, 705];[35.61, 55.62, 59.32]
[971, 313, 253];[80.86, 67.63, 72.76]
[27, 329, 446];[45.85, 72.9, 41.19]
[951, 273, 919];[40.06, 88.85, 68.47]
[842, 861, 603];[39.07, 86.34, 56.58]
[881, 454, 791];[68.57, 13.5, 45.63]
[946, 35, 30];[98.39, 89.68, 39.38]
[727, 865, 327];[92.99, 56.06, 32.81]
[469, 971, 914];[28.0, 70.02, 47.95]
[254, 949, 464];[60.58, 58.26, 49.87]
[11, 251, 950];[98.3, 66.44, 37.67]
[116, 362, 240];[42.48, 57.94, 55.82]
[893, 751, 254];[72.9, 56.54, 60.07]
[931, 965, 787];[67.49, 67.7, 53.07]
[106, 964, 560];[43.64, 49.16, 38.5]
[27, 843, 733];[44.66, 66.46, 69.75]
[442, 445, 762];[32.09, 60.03, 74.81]
[642, 559, 727];[27.66, 64.8, 88.04]
[22, 34, 476];[63.2, 91.48, 60.79]
[472, 18, 464];[70.49, 60.37, 40.52]
[835, 459, 445];[64.32, 46.66, 61.33]
[65, 884, 67];[46.28, 60.63, 37.01]
[957, 762, 329];[88.25, 75.54, 71.9]
[140, 877, 139];[24.24, 31.83, 69.7]
[866, 893, 427];[65.82, 72.51, 55.71]
[972, 425, 841];[78.14, 65.63, 63.43]
[47, 947, 252];[73.48, 93.2, 73.42]
[7, 372, 884];[49.37, 69.23, 58.94]
[789, 788, 733];[69.32, 33.02, 58.68]
[216, 8, 881];[46.86, 69.83, 70.7]
[110, 133, 463];[74.37, 10.21, 37.49]
[554, 754, 765];[66.9, 35.58, 72.75]
[859, 118, 564];[3.87, 18.29, 94.13]
[116, 73, 914];[37.8, 66.23, 59.44]
[53, 762, 890];[40.86, 80.72, 58.01]
[890, 920, 836];[50.02, 45.54, 52.97]
[105, 40, 469];[78.7, 51.5, 0.56]
[835, 448, 560];[49.51, 65.44, 43.28]
[826, 99, 858];[27.83, 34.0, 50.01]
[843, 451, 476];[60.01, 20.1, 50.12]
[841, 798, 797];[69.38, 77.61, 80.01]
[22, 437, 948];[65.03, 53.4, 93.73]
[554, 787, 23];[72.0, 55.21, 54.44]
[755, 100, 418];[56.78, 12.54, 67.98]
[104, 402, 158];[50.4, 25.29, 62.62]
[172, 923, 947];[59.74, 11.16, 79.91]
[778, 365, 872];[35.92, 35.98, 39.27]
[877, 765, 839];[40.27, 67.75, 24.88]
[256, 27, 918];[71.28, 77.72, 28.28]
[551, 342, 201];[77.28, 71.55, 55.47]
[928, 235, 363];[41.86, 48.91, 68.55]
[840, 374, 865];[25.45, 67.86, 54.06]
[341, 564, 158];[45.78, 98.19, 51.29]
[244, 116, 836];[41.62, 33.53, 59.31]
[451, 569, 561];[20.86, 39.31, 78.26]
[29, 566, 882];[17.37, 40.97, 43.24]
[20, 865, 469];[63.34, 54.34, 14.83]
[463, 448, 22];[49.47, 77.68, 71.81]
[146, 374, 94];[55.58, 69.58, 89.47]
[279, 797, 53];[71.42, 65.01, 36.92]
[921, 883, 789];[75.95, 55.36, 81.34]
[882, 866, 273];[38.11, 89.35, 57.6]
[931, 18, 950];[59.28, 49.08, 51.09]
[866, 872, 566];[54.09, 75.61, 32.66]
[110, 728, 294];[86.56, 81.96, 80.17]
[865, 459, 320];[59.28, 58.87, 59.08]
[803, 65, 758];[42.52, 36.58, 39.42]
[110, 732, 920];[70.73, 49.22, 48.91]
[109, 412, 425];[74.01, 68.01, 74.01]
[53, 413, 976];[30.63, 49.41, 45.73]
[878, 880, 109];[54.13, 19.5, 71.94]
[791, 891, 286];[36.99, 71.59, 29.86]
[327, 58, 464];[52.16, 79.83, 48.38]
[125, 28, 472];[52.16, 34.18, 69.63]
[227, 971, 36];[68.86, 71.28, 59.01]
[146, 313, 53];[54.56, 61.09, 35.58]
[768, 159, 392];[11.27, 82.0, 54.62]
[327, 914, 20];[53.4, 50.22, 67.68]
[894, 763, 99];[49.3, 49.21, 33.12]
[253, 976, 448];[61.56, 32.39, 71.29]
[797, 331, 125];[68.22, 53.96, 50.26]
[58, 751, 34];[64.58, 71.04, 87.06]
[780, 291, 165];[91.12, 68.31, 70.27]
[128, 757, 219];[101.74, 28.24, 19.2]
[754, 802, 46];[36.96, 57.78, 28.77]
[412, 335, 791];[68.23, 58.88, 42.29]
[774, 8, 885];[76.16, 63.1, 27.89]
[118, 279, 728];[9.8, 79.74, 61.7]
[337, 274, 20];[63.12, 61.53, 48.76]
[884, 21, 893];[58.31, 76.96, 71.87]
[882, 140, 551];[41.69, 37.69, 94.98]
[362, 47, 113];[57.78, 68.94, 107.57]
[769, 255, 946];[70.55, 61.43, 84.78]
[84, 160, 276];[35.55, 71.83, 45.01]
[331, 783, 87];[49.99, 82.43, 19.63]
[762, 110, 274];[71.74, 62.22, 62.22]
[787, 835, 211];[76.82, 54.83, 74.43]
[751, 789, 866];[69.84, 63.63, 64.24]
[133, 165, 834];[12.01, 55.99, 81.97]
[425, 869, 87];[73.86, 46.64, 22.03]
[91, 957, 100];[80.04, 84.07, 12.71]
[22, 942, 87];[64.5, 53.87, 22.26]
[781, 835, 60];[36.85, 80.34, 31.45]
[476, 642, 789];[56.26, 29.27, 74.07]
[836, 365, 78];[39.74, 34.65, 40.38]
[885, 861, 89];[49.68, 57.26, 14.15]
[727, 365, 335];[88.49, 36.07, 58.43]
[832, 890, 91];[67.42, 66.93, 77.01]
[833, 30, 463];[66.0, 43.82, 47.3]
[274, 425, 2];[60.25, 71.32, 86.33]
[47, 286, 929];[74.65, 19.93, 39.48]
[29, 276, 759];[27.85, 41.18, 79.13]
[165, 131, 459];[74.21, 15.84, 48.48]
[159, 794, 711];[86.83, 130.49, 14.47]
[799, 320, 374];[78.3, 68.22, 87.82]
[951, 923, 551];[21.23, 8.69, 67.02]
[773, 884, 313];[40.78, 63.09, 54.67]
[781, 165, 372];[44.71, 63.68, 62.07]
[758, 920, 923];[48.75, 40.63, 10.35]
[159, 877, 942];[92.35, 28.59, 67.43]
[881, 790, 249];[75.88, 2.73, 55.43]
[859, 711, 942];[5.71, 28.38, 70.21]
[20, 895, 965];[55.6, 54.9, 78.35]
[727, 922, 556];[87.54, 73.4, 17.59]
[793, 783, 921];[41.64, 86.22, 69.44]
[351, 945, 919];[85.01, 14.25, 70.62]
[799, 789, 179];[85.31, 68.51, 55.86]
[800, 172, 925];[23.32, 74.41, 61.58]
[929, 135, 22];[40.0, 29.99, 64.02]
[261, 779, 791];[64.53, 43.13, 37.05]
[392, 373, 312];[45.8, 45.51, 61.53]
[118, 335, 88];[34.68, 61.53, 2.63]
[253, 172, 865];[60.0, 60.31, 56.42]
[84, 919, 254];[6.22, 66.24, 67.15]
[124, 751, 426];[71.84, 62.51, 17.13]
[216, 781, 872];[52.45, 36.22, 39.08]
[87, 798, 883];[28.96, 76.55, 72.83]
[871, 11, 36];[24.32, 98.54, 53.46]
[58, 459, 880];[75.82, 48.05, 22.1]
[471, 329, 179];[18.78, 64.95, 61.09]
[459, 792, 373];[47.11, 72.59, 41.2]
[374, 110, 66];[77.94, 68.37, 21.35]
[235, 448, 20];[43.72, 69.58, 63.2]
[461, 213, 755];[72.19, 44.3, 68.58]
[343, 158, 87];[52.31, 69.45, 30.02]
[213, 6, 773];[43.75, 91.2, 50.19]
[885, 83, 252];[42.66, 46.57, 62.33]
[971, 359, 461];[72.62, 38.46, 54.92]
[351, 149, 435];[78.23, 97.74, 32.26]
[84, 923, 895];[32.36, 6.56, 58.84]
[58, 405, 777];[60.79, 55.88, 13.16]
[413, 329, 567];[56.52, 45.92, 71.06]
[947, 891, 561];[80.3, 73.29, 62.46]
[363, 768, 313];[88.84, 9.41, 58.78]
[38, 2, 318];[51.1, 64.67, 59.13]
[831, 139, 748];[63.91, 66.04, 49.57]
[150, 73, 643];[11.05, 70.4, 29.34]
[21, 341, 343];[72.3, 42.79, 51.26]
[118, 334, 392];[37.92, 29.99, 43.97]
[363, 475, 140];[66.77, 19.85, 22.11]
[99, 116, 165];[32.35, 40.17, 57.82]
[475, 335, 733];[23.61, 58.89, 79.7]
[327, 955, 26];[52.17, 39.5, 8.02]
[782, 775, 110];[31.59, 44.84, 72.48]
[794, 146, 892];[124.95, 53.54, 79.47]
[274, 970, 839];[51.58, 25.01, 17.73]
[695, 249, 418];[42.97, 49.63, 69.53]
[763, 554, 805];[51.22, 69.84, 35.67]
[252, 553, 802];[60.98, 44.74, 66.32]
[929, 73, 881];[31.02, 75.82, 64.0]
[11, 922, 877];[85.39, 73.75, 35.29]
[872, 919, 602];[34.64, 58.8, 54.28]
[28, 220, 273];[34.45, 33.44, 59.61]
[890, 760, 159];[70.47, 23.46, 70.87]
[23, 55, 771];[63.26, 80.3, 95.78]
[794, 29, 834];[106.79, 25.66, 74.38]
[560, 442, 869];[36.29, 32.77, 53.25]
[763, 403, 163];[42.7, 45.09, 68.79]
[786, 118, 867];[67.67, 13.52, 35.33]
[567, 866, 835];[75.31, 73.1, 60.52]
[251, 880, 567];[65.9, 17.87, 71.51]
[37, 461, 11];[66.11, 92.7, 55.85]
[891, 339, 765];[62.85, 31.16, 64.74]
[469, 801, 561];[8.12, 24.55, 65.68]
[463, 159, 789];[39.27, 72.3, 67.75]
[833, 923, 868];[93.62, 1.13, 45.83]
[133, 835, 135];[6.37, 51.12, 17.13]
[37, 405, 577];[49.64, 58.9, 50.72]
[877, 128, 769];[40.02, 78.03, 53.79]
[728, 252, 775];[70.42, 58.16, 44.58]
[955, 774, 642];[41.84, 67.82, 30.02]
[207, 765, 768];[15.76, 65.77, 11.91]
[445, 83, 794];[55.1, 46.82, 130.29]
[892, 37, 896];[86.1, 75.26, 46.51]
[316, 436, 781];[39.74, 70.28, 36.79]
[303, 216, 431];[38.2, 47.44, 38.38]
[762, 705, 254];[70.97, 67.05, 61.16]
[754, 259, 387];[39.02, 48.57, 31.59]
[435, 602, 794];[35.34, 48.77, 122.8]
[301, 94, 775];[58.53, 80.74, 46.7]
[418, 791, 91];[73.74, 38.16, 77.0]
[338, 894, 337];[22.36, 49.05, 60.62]
[156, 436, 335];[87.63, 60.33, 55.75]
[957, 871, 695];[85.45, 22.9, 54.41]
[602, 335, 732];[50.27, 52.78, 66.17]
[928, 917, 178];[43.06, 28.45, 62.01]
[551, 89, 920];[70.32, 5.48, 48.41]
[294, 178, 792];[76.41, 56.77, 62.6]
[603, 36, 110];[59.45, 49.42, 76.67]
[372, 602, 256];[65.88, 48.39, 74.21]
[227, 873, 560];[73.15, 56.53, 49.53]
[21, 244, 20];[86.0, 55.51, 60.52]
[28, 211, 835];[35.29, 84.4, 69.74]
[165, 2, 957];[70.18, 82.2, 82.0]
[858, 253, 363];[39.45, 68.19, 87.07]
[446, 893, 890];[47.5, 66.93, 60.38]
[643, 787, 66];[23.73, 58.07, 28.74]
[91, 602, 842];[62.18, 40.13, 36.12]
[431, 931, 871];[37.95, 70.64, 28.0]
[437, 833, 219];[53.52, 69.27, 26.15]
[165, 418, 83];[61.36, 70.85, 46.27]
[296, 874, 957];[71.21, 51.98, 81.69]
[918, 403, 881];[32.33, 55.92, 70.6]
[833, 73, 201];[62.12, 80.15, 64.53]
[836, 301, 842];[49.69, 65.63, 38.55]
[833, 365, 296];[62.94, 37.09, 73.86]
[421, 133, 159];[27.37, 18.74, 77.99]
[402, 475, 142];[19.06, 19.9, 21.5]
[396, 553, 436];[57.01, 51.62, 73.2]
[318, 327, 866];[70.07, 60.55, 64.24]
[412, 6, 919];[77.88, 96.44, 72.47]
[89, 759, 790];[13.99, 63.09, 4.87]
[94, 789, 914];[77.36, 68.52, 65.39]
[786, 884, 914];[44.97, 61.42, 76.95]
[917, 313, 949];[26.38, 67.79, 54.52]
[566, 556, 917];[36.49, 44.71, 26.14]
[949, 396, 878];[52.8, 58.56, 70.07]
[919, 843, 753];[75.78, 86.42, 33.76]
[405, 88, 570];[68.82, 4.14, 40.16]
[65, 762, 790];[42.54, 79.59, 2.74]
[55, 139, 880];[70.05, 77.53, 26.4]
[780, 274, 556];[85.19, 67.69, 35.7]
[447, 781, 796];[56.35, 42.39, 59.77]
[730, 67, 451];[45.77, 56.51, 30.54]
[360, 78, 335];[55.51, 55.67, 66.64]
[873, 412, 951];[97.8, 73.58, 53.11]
[559, 942, 925];[61.51, 53.93, 66.96]
[106, 947, 135];[46.57, 103.08, 38.91]
[870, 84, 860];[70.24, 1.01, 43.95]
[29, 87, 564];[22.35, 22.17, 89.14]
[94, 942, 803];[77.28, 52.27, 42.43]
[889, 313, 776];[61.63, 57.93, 54.65]
[896, 294, 313];[47.34, 78.67, 59.12]
[373, 644, 730];[46.93, 64.71, 44.85]
[436, 147, 249];[67.32, 46.09, 52.2]
[751, 316, 124];[61.04, 37.74, 71.55]
[883, 792, 403];[71.07, 72.19, 55.3]
[113, 313, 436];[80.35, 64.44, 60.35]
[18, 869, 880];[53.98, 50.35, 21.31]
[732, 48, 875];[53.48, 72.98, 46.52]
[801, 369, 276];[26.55, 65.7, 30.94]
[36, 881, 768];[50.6, 74.79, 12.34]
[213, 711, 925];[40.45, -2.53, 68.07]
[802, 733, 893];[72.26, 73.39, 69.37]
[301, 113, 703];[70.08, 80.29, 68.93]
[642, 110, 78];[29.71, 68.88, 39.48]
[893, 925, 865];[71.68, 54.15, 50.2]
[459, 801, 763];[36.03, 25.52, 61.26]
[131, 421, 872];[19.09, 21.88, 52.52]
[158, 172, 147];[82.25, 62.97, 47.64]
[124, 875, 351];[56.65, 39.41, 69.42]
[461, 2, 106];[90.55, 70.49, 39.84]
[945, 23, 805];[16.53, 63.42, 31.57]
[118, 703, 58];[35.94, 75.86, 79.3]
[99, 104, 805];[31.62, 52.34, 32.37]
[360, 774, 363];[48.88, 76.57, 64.42]
[212, 6, 559];[42.03, 103.41, 59.69]
[835, 914, 274];[68.27, 67.59, 69.78]
[392, 788, 238];[43.97, 38.0, 24.03]
[869, 216, 213];[46.74, 46.22, 46.03]
[876, 832, 9];[58.83, 51.36, 51.56]
[874, 292, 860];[50.82, 13.88, 45.06]
[149, 728, 335];[107.53, 79.43, 61.41]
[254, 339, 201];[63.29, 19.98, 66.97]
[839, 29, 788];[25.56, 23.05, 37.03]
[372, 313, 965];[65.9, 62.92, 65.07]
[253, 254, 774];[69.58, 64.28, 66.5]
[220, 249, 948];[45.47, 53.3, 95.34]
[28, 859, 834];[38.56, 15.25, 77.81]
[90, 124, 776];[53.19, 78.78, 57.65]
[166, 362, 178];[47.15, 69.09, 62.9]
[142, 752, 362];[32.56, 65.26, 64.41]
[801, 800, 711];[26.86, 65.87, 21.94]
[472, 403, 950];[76.94, 53.81, 40.9]
[320, 799, 749];[54.08, 65.52, 67.56]
[469, 436, 211];[17.51, 70.93, 65.04]
[889, 778, 343];[75.72, 29.74, 50.5]
[569, 774, 140];[46.74, 72.23, 17.57]
[860, 644, 279];[49.4, 61.38, 76.44]
[387, 2, 559];[48.0, 61.36, 62.57]
[212, 732, 23];[38.92, 51.01, 57.43]
[922, 252, 957];[85.47, 71.12, 83.15]
[946, 947, 304];[89.62, 84.15, 22.26]
[374, 896, 791];[81.17, 47.33, 47.4]
[843, 178, 256];[64.74, 57.88, 76.55]
[402, 216, 296];[19.02, 55.46, 83.1]
[773, 801, 918];[36.03, 22.58, 44.12]
[957, 914, 878];[84.59, 48.77, 54.76]
[73, 604, 728];[81.84, 4.01, 70.01]
[240, 100, 563];[55.3, 12.66, 76.0]
[165, 32, 405];[56.93, 98.56, 57.21]
[841, 730, 296];[66.24, 46.31, 71.39]
[100, 768, 773];[13.76, 12.37, 45.63]
[790, 100, 212];[6.9, 13.02, 39.35]
[757, 7, 113];[28.89, 50.15, 82.46]
[762, 140, 957];[75.5, 27.91, 85.77]
[362, 392, 971];[60.56, 50.19, 71.63]
[418, 921, 834];[69.66, 69.37, 84.88]
[461, 362, 918];[77.17, 61.01, 33.54]
[396, 919, 316];[57.07, 64.47, 46.87]
[861, 928, 464];[73.23, 39.31, 46.68]
[427, 88, 413];[58.69, 0.68, 52.95]
[885, 949, 842];[57.4, 40.91, 45.82]
[774, 149, 757];[76.05, 100.38, 30.14]
[442, 133, 158];[30.32, 18.67, 90.42]
[235, 728, 213];[50.98, 68.57, 37.71]
[783, 387, 301];[80.98, 32.92, 64.66]
[826, 244, 803];[19.91, 48.63, 43.67]
[373, 881, 790];[40.17, 63.59, 2.02]
[359, 139, 753];[45.96, 71.59, 43.72]
[165, 235, 73];[84.48, 52.34, 67.35]
[312, 835, 955];[68.4, 67.15, 41.24]
[769, 23, 166];[61.95, 64.57, 44.04]
[567, 965, 413];[68.83, 73.57, 49.48]
[78, 142, 890];[27.44, 17.39, 87.78]
[894, 475, 832];[44.99, 0.48, 57.26]
[156, 793, 369];[85.9, 49.38, 60.63]
[835, 469, 551];[64.96, 11.48, 95.48]
[561, 172, 803];[74.0, 59.98, 44.01]
[426, 447, 442];[15.92, 56.08, 31.97]
[454, 363, 471];[16.07, 71.87, 21.61]
[133, 790, 318];[12.0, 5.91, 56.87]
[801, 91, 831];[29.39, 78.96, 67.59]
[782, 798, 116];[31.65, 73.41, 40.67]
[748, 38, 207];[52.19, 53.27, 15.0]
[318, 955, 644];[57.4, 38.75, 65.02]
[362, 833, 17];[65.87, 71.91, 61.45]
[942, 9, 561];[62.58, 48.74, 75.1]
[36, 296, 602];[54.51, 74.02, 52.5]
[335, 77, 149];[55.11, 86.08, 116.05]
[705, 833, 876];[61.22, 70.49, 56.64]
[402, 179, 207];[18.57, 61.44, 14.89]
[358, 840, 160];[59.18, 12.65, 75.1]
[405, 748, 149];[69.3, 64.92, 111.75]
[295, 781, 970];[57.16, 43.59, 21.94]
[794, 889, 312];[132.26, 76.4, 74.75]
[890, 211, 834];[62.9, 86.08, 67.91]
[29, 90, 146];[26.11, 56.75, 49.25]
[207, 94, 475];[11.77, 80.76, 5.56]
[34, 358, 313];[81.12, 62.11, 71.56]
[876, 711, 792];[54.23, 52.67, 99.65]
[861, 891, 703];[85.82, 98.12, 69.93]
[880, 87, 313];[17.97, 26.71, 76.76]
[279, 101, 914];[82.26, 5.24, 83.06]
[790, 567, 755];[-6.07, 66.9, 69.12]
[163, 925, 971];[63.42, 78.81, 86.97]
[445, 448, 138];[59.25, 71.78, 26.47]
[876, 793, 316];[49.42, 36.26, 49.9]
[778, 873, 871];[31.95, 56.33, 28.0]
[705, 254, 788];[69.96, 60.3, 37.82]
[577, 796, 100];[39.99, 67.49, 14.71]
[159, 55, 316];[79.12, 65.58, 39.43]
[942, 705, 312];[55.03, 60.53, 63.48]
[946, 373, 158];[72.78, 45.17, 54.0]
[327, 796, 642];[53.48, 64.85, 29.32]
[100, 929, 766];[14.67, 39.1, 54.04]
[89, 369, 219];[15.94, 60.77, 28.77]
[858, 567, 159];[59.72, 71.03, 73.31]
[762, 116, 339];[79.11, 43.48, 11.93]
[469, 703, 312];[22.38, 73.57, 60.48]
[78, 215, 866];[45.55, 52.26, 62.04]
[435, 780, 995];[37.83, 90.06, 53.17]
[139, 124, 212];[72.2, 73.25, 39.47]
[58, 800, 891];[73.17, 57.82, 73.96]
[295, 362, 788];[57.28, 55.62, 39.67]
[163, 727, 100];[74.56, 94.41, 14.82]
[106, 216, 58];[52.3, 49.82, 74.07]
[316, 67, 925];[39.96, 39.08, 65.75]
[255, 104, 142];[55.57, 51.51, 16.76]
[179, 921, 341];[59.01, 59.06, 44.76]
[789, 73, 369];[71.45, 75.11, 62.38]
[425, 867, 843];[71.69, 36.64, 63.96]
[274, 29, 871];[64.81, 38.13, 18.29]
[78, 885, 27];[34.07, 45.75, 27.94]
[839, 841, 840];[15.06, 51.2, 19.47]
[446, 334, 859];[47.91, 51.01, -4.67]
[753, 53, 431];[39.0, 54.04, 43.31]
[567, 145, 783];[69.08, 60.28, 78.34]
[533, 792, 339];[69.97, 58.04, 12.01]
[240, 782, 964];[55.63, 30.42, 47.3]
[304, 833, 255];[25.22, 68.88, 46.46]
[118, 235, 778];[47.42, 47.49, 30.47]
[387, 11, 294];[31.5, 109.39, 79.24]
[995, 831, 553];[51.65, 70.27, 47.67]
[373, 972, 431];[44.03, 67.97, 40.26]
[950, 251, 860];[39.14, 62.8, 65.85]
[109, 140, 113];[77.16, 23.05, 78.28]
[472, 877, 995];[70.89, 38.36, 50.55]
[840, 89, 454];[18.04, 9.6, 16.88]
[142, 331, 929];[13.6, 67.02, 40.39]
[331, 877, 29];[61.62, 39.35, 25.45]
[958, 211, 865];[50.66, 68.2, 61.73]
[329, 884, 11];[69.33, 66.25, 92.66]
[866, 351, 216];[84.55, 65.89, 48.08]
[101, 255, 775];[6.7, 61.64, 55.05]
[645, 254, 840];[25.61, 65.49, 11.2]
[339, 842, 2];[-6.13, 46.6, 104.27]
[392, 201, 238];[34.1, 67.91, 1.32]
[17, 797, 254];[66.45, 80.74, 58.47]
[159, 201, 964];[75.84, 52.91, 37.39]
[918, 372, 695];[33.54, 70.53, 27.45]
[922, 925, 372];[74.4, 69.14, 56.49]
[216, 11, 860];[54.5, 58.94, 86.94]
[23, 27, 791];[74.41, 64.02, 32.73]
[752, 255, 227];[62.26, 59.53, 73.23]
[895, 711, 146];[48.54, 1.04, 50.97]
[757, 463, 362];[31.72, 69.7, 82.46]
[870, 796, 748];[76.34, 47.81, 50.88]
[125, 37, 895];[54.01, 73.97, 49.86]
[797, 730, 751];[78.79, 47.12, 56.52]
[566, 782, 783];[39.85, 31.86, 78.99]
[942, 840, 101];[54.11, 17.18, 10.21]
[803, 160, 869];[44.11, 67.69, 47.26]
[179, 533, 728];[67.53, 74.14, 73.03]
[875, 77, 252];[37.45, 75.19, 59.88]
[451, 773, 223];[22.34, 52.03, 56.81]
[766, 215, 19];[57.04, 51.71, 68.35]
[105, 839, 892];[65.35, 15.64, 79.15]
[255, 18, 882];[49.3, 58.07, 41.73]
[889, 426, 87];[62.61, 17.57, 19.91]
[343, 66, 7];[55.32, 23.66, 48.23]
[475, 791, 567];[13.63, 38.54, 70.07]
[728, 84, 276];[80.4, 10.0, 34.22]
[475, 958, 87];[13.49, 45.76, 21.4]
[560, 65, 873];[44.76, 42.74, 62.35]
[147, 476, 65];[42.75, 59.27, 42.14]
[461, 833, 836];[83.9, 77.09, 46.26]
[765, 435, 84];[58.02, 33.69, 4.95]
[942, 66, 703];[44.47, 26.58, 47.77]
[372, 47, 836];[52.17, 67.04, 48.37]
[40, 763, 802];[84.5, 57.56, 66.35]
[99, 866, 105];[25.06, 59.24, 77.09]
[471, 476, 405];[10.83, 40.55, 45.22]
[893, 875, 329];[70.09, 26.1, 74.59]
[101, 867, 413];[6.55, 30.37, 58.11]
[437, 135, 951];[48.36, 10.35, 37.46]
[881, 976, 106];[62.36, 35.55, 52.5]
[842, 53, 868];[35.68, 30.74, 36.74]
[338, 873, 799];[26.0, 56.33, 76.0]
[149, 251, 351];[108.96, 65.34, 67.6]
[142, 958, 216];[19.5, 42.79, 46.21]
[140, 790, 341];[22.04, 6.86, 42.82]
[922, 294, 179];[73.45, 77.56, 66.65]
[363, 782, 780];[83.15, 33.19, 80.01]
[77, 38, 254];[90.69, 52.22, 64.32]
[447, 421, 922];[55.67, 19.79, 72.72]
[788, 556, 18];[36.01, 41.54, 54.15]
[832, 73, 881];[51.01, 80.41, 67.24]
[26, 791, 291];[7.17, 42.5, 68.68]
[276, 138, 459];[33.98, 21.9, 48.84]
[32, 947, 833];[91.21, 90.64, 70.89]
[38, 751, 83];[58.74, 61.46, 42.63]
[286, 878, 907];[20.84, 63.12, 69.91]
[789, 292, 116];[63.69, 11.82, 34.67]
[252, 83, 254];[65.43, 42.24, 63.19]
[791, 303, 762];[46.43, 36.95, 73.08]
[135, 34, 907];[26.82, 74.1, 63.07]
[403, 77, 644];[66.8, 107.85, 57.07]
[995, 252, 28];[53.81, 67.39, 55.18]
[794, 105, 703];[112.86, 92.68, 69.78]
[957, 109, 2];[73.8, 105.29, 45.14]
[790, 946, 780];[8.76, 114.5, 79.97]
[331, 219, 38];[45.97, 28.3, 64.29]
[19, 826, 369];[74.52, 9.67, 64.42]
[894, 777, 797];[49.39, 12.99, 57.41]
[471, 865, 882];[7.74, 71.04, 32.96]
[37, 8, 104];[63.15, 53.91, 47.99]
[946, 972, 413];[103.77, 76.46, 77.74]
[360, 142, 766];[48.0, 20.01, 54.02]
[644, 875, 30];[65.87, 38.16, 37.84]
[840, 413, 240];[17.4, 49.01, 55.83]
[369, 35, 918];[60.67, 88.5, 29.14]
[463, 365, 363];[53.69, 33.08, 62.89]
[418, 142, 839];[67.91, 18.35, 18.52]
[920, 342, 369];[47.68, 71.11, 59.88]
[752, 782, 22];[64.83, 33.37, 70.27]
[427, 446, 891];[54.53, 70.11, 67.88]
[569, 564, 6];[47.07, 111.79, 96.69]
[116, 249, 733];[38.06, 49.19, 75.0]
[437, 46, 215];[51.2, 48.06, 49.37]
[329, 836, 780];[69.36, 63.32, 97.6]
[295, 868, 106];[56.52, 48.67, 46.17]
[296, 17, 403];[73.9, 54.72, 55.48]
[604, 553, 958];[3.76, 55.13, 47.12]
[303, 872, 201];[43.44, 37.58, 71.89]
[412, 774, 889];[66.79, 72.35, 80.2]
[131, 448, 695];[36.05, 75.31, 52.89]
[929, 165, 313];[28.46, 81.96, 73.46]
[365, 866, 83];[34.34, 95.21, 44.57]
[752, 860, 118];[70.87, 44.24, 36.51]
[254, 928, 9];[72.95, 41.94, 41.95]
[238, 760, 925];[21.85, 29.68, 75.75]
[448, 402, 970];[70.65, 8.34, 12.09]
[106, 374, 331];[50.69, 91.47, 50.41]
[921, 179, 88];[71.38, 56.99, -7.93]
[454, 752, 759];[12.78, 71.16, 56.03]
[459, 316, 235];[55.37, 49.12, 54.75]
[894, 292, 920];[53.5, 6.82, 50.62]
[437, 695, 788];[54.0, 37.99, 38.0]
[832, 556, 99];[50.18, 35.47, 33.96]
[995, 403, 705];[51.47, 55.04, 70.23]
[768, 109, 320];[14.49, 75.78, 52.93]
[338, 437, 773];[28.61, 51.88, 46.26]
[860, 135, 868];[55.48, 33.93, 42.91]
[792, 463, 797];[69.12, 48.3, 78.4]
[569, 172, 32];[63.05, 60.86, 105.45]
[392, 839, 751];[53.23, 20.95, 66.22]
[752, 873, 553];[67.44, 64.0, 48.47]
[138, 884, 240];[24.73, 54.38, 56.95]
[921, 791, 301];[70.33, 45.42, 64.92]
[212, 971, 958];[43.56, 71.86, 48.5]
[602, 435, 873];[63.69, 49.26, 72.27]
[859, 105, 642];[16.14, 77.65, 30.18]
[826, 342, 418];[20.93, 68.84, 73.09]
[146, 91, 327];[54.87, 75.47, 54.69]
[642, 778, 876];[29.0, 31.96, 59.46]
[66, 273, 923];[25.41, 86.92, 12.69]
[316, 372, 58];[45.27, 70.44, 91.15]
[291, 89, 775];[67.16, 16.11, 62.48]
[872, 337, 362];[40.64, 66.45, 59.49]
[374, 778, 145];[92.68, 29.23, 66.25]
[799, 109, 885];[71.74, 85.42, 47.66]
[201, 569, 166];[55.8, 71.11, 54.19]
[360, 942, 790];[53.34, 64.99, 11.96]
[604, 435, 341];[8.71, 64.2, 45.06]
[801, 858, 805];[35.94, 68.45, 29.36]
[335, 89, 442];[61.9, 13.83, -6.16]
[918, 19, 920];[27.53, 68.13, 55.7]
[771, 418, 40];[86.64, 67.35, 83.94]
[727, 471, 369];[80.35, 21.86, 60.13]
[781, 20, 874];[36.63, 68.65, 49.9]
[295, 703, 748];[57.74, 57.61, 53.74]
[37, 26, 947];[74.66, 13.94, 78.32]
[403, 55, 301];[56.81, 60.5, 63.51]
[83, 874, 7];[45.18, 52.76, 49.56]
[91, 604, 201];[77.48, 7.71, 67.09]
[895, 425, 942];[55.05, 72.69, 60.39]
[2, 392, 91];[64.86, 54.1, 68.47]
[955, 252, 312];[37.59, 66.74, 68.51]
[883, 445, 476];[67.73, 52.98, 58.81]
[358, 922, 949];[52.15, 77.57, 73.13]
[728, 211, 91];[81.75, 66.15, 54.36]
[867, 469, 342];[23.98, 20.51, 77.09]
[36, 172, 220];[47.46, 65.51, 39.9]
[884, 413, 859];[62.18, 57.17, 9.38]
[883, 843, 165];[61.28, 80.54, 67.11]
[8, 778, 413];[72.66, 35.98, 50.36]
[907, 425, 252];[29.88, 70.0, 63.19]
[833, 730, 877];[76.06, 36.9, 52.25]
[94, 803, 116];[71.63, 38.34, 39.14]
[40, 792, 757];[70.56, 73.86, 26.8]
[295, 373, 17];[46.11, 47.9, 57.19]
[972, 249, 213];[98.19, 57.93, 35.08]
[771, 799, 358];[102.89, 75.33, 54.28]
[58, 801, 256];[76.55, 31.9, 88.17]
[165, 27, 891];[67.05, 46.4, 79.82]
[60, 703, 125];[34.5, 70.14, 60.3]
[17, 833, 436];[51.16, 72.59, 78.33]
[798, 703, 970];[78.0, 56.03, 32.0]
[334, 7, 316];[30.49, 49.98, 38.12]
[788, 447, 338];[39.4, 56.71, 25.85]
[995, 834, 826];[51.12, 80.72, 25.28]
[138, 335, 273];[20.64, 58.36, 60.05]
[55, 11, 841];[67.23, 105.04, 67.4]
[135, 413, 17];[28.21, 42.98, 61.35]
[147, 950, 793];[35.7, 42.46, 37.38]
[860, 448, 958];[64.58, 72.8, 49.73]
[889, 360, 211];[63.35, 53.56, 73.29]
[779, 881, 40];[46.71, 65.36, 70.06]
[965, 337, 211];[56.45, 64.22, 60.16]
[36, 703, 90];[48.01, 68.12, 58.93]
[295, 131, 437];[59.71, 21.33, 52.78]
[55, 21, 914];[78.39, 75.58, 84.05]
[889, 956, 58];[68.44, 106.55, 95.3]
[567, 139, 861];[69.04, 82.42, 122.61]
[914, 876, 869];[126.98, 62.38, 48.77]
[642, 135, 942];[30.46, 33.42, 59.95]
[252, 891, 254];[72.09, 97.04, 74.33]
[949, 412, 475];[50.37, 81.67, 15.44]
[240, 454, 874];[56.56, 11.88, 32.94]
[472, 99, 884];[79.73, 23.39, 56.0]
[91, 254, 320];[74.33, 71.16, 62.71]
[890, 463, 138];[66.14, 46.88, 23.28]
[762, 883, 867];[64.31, 59.41, 37.56]
[758, 869, 38];[36.98, 36.67, 72.91]
[392, 867, 872];[60.99, 44.36, 54.89]
[372, 365, 46];[67.63, 34.68, -5.88]
[259, 124, 877];[34.65, 69.16, 33.29]
[774, 703, 163];[67.71, 56.03, 65.8]
[60, 113, 261];[31.53, 80.27, 63.59]
[91, 60, 19];[80.93, 31.05, 70.01]
[805, 131, 365];[32.74, 22.51, 35.49]
[874, 20, 320];[46.14, 67.88, 57.65]
[413, 798, 884];[46.77, 77.36, 60.15]
[212, 929, 475];[38.11, 39.44, 17.74]
[363, 874, 427];[66.24, 42.63, 54.45]
[19, 73, 359];[71.85, 73.66, 41.44]
[251, 60, 219];[54.9, 30.77, 21.01]
[89, 711, 19];[15.83, 16.23, 67.52]
[787, 83, 793];[59.2, 61.1, 46.92]
[292, 220, 156];[14.51, 42.19, 93.35]
[957, 156, 362];[79.98, 70.32, 78.57]
[995, 412, 28];[57.89, 80.7, 46.81]
[147, 705, 843];[45.61, 59.59, 77.18]
[882, 839, 603];[37.99, 21.0, 68.22]
[165, 249, 871];[80.37, 58.76, 20.2]
[921, 757, 113];[74.26, 32.99, 103.66]
[47, 753, 602];[85.49, 44.51, 52.06]
[28, 159, 865];[43.0, 82.77, 60.49]
[826, 471, 958];[11.56, 8.41, 61.82]
[950, 792, 125];[55.83, 86.09, 68.81]
[235, 860, 871];[55.8, 57.72, 20.14]
[374, 125, 563];[92.77, 58.8, 85.83]
[792, 836, 405];[65.13, 58.16, 63.31]
[412, 976, 331];[76.66, 46.7, 64.62]
[748, 445, 421];[48.34, 58.69, 11.08]
[878, 124, 138];[56.26, 58.93, 15.71]
[318, 752, 84];[64.45, 68.27, 16.95]
[865, 751, 801];[56.01, 56.02, 32.0]
[146, 777, 235];[52.37, 17.69, 45.98]
[791, 895, 861];[37.62, 50.71, 43.14]
[358, 365, 942];[49.28, 32.72, 53.93]
[279, 759, 796];[70.76, 53.75, 67.66]
[303, 30, 179];[35.91, 37.05, 69.55]
[771, 920, 476];[90.75, 51.66, 53.16]
[109, 251, 255];[77.67, 70.25, 45.08]
[917, 948, 783];[34.13, 99.62, 77.8]
[766, 256, 304];[57.52, 79.54, 38.23]
[17, 128, 105];[66.1, 84.04, 68.5]
[77, 28, 533];[85.44, 33.6, 75.16]
[795, 533, 642];[42.5, 76.17, 32.94]
[566, 358, 869];[36.88, 51.87, 46.78]
[23, 918, 874];[55.18, 28.36, 59.51]
[464, 868, 294];[44.57, 49.31, 83.01]
[374, 840, 53];[75.95, 18.21, 31.85]
[291, 895, 561];[78.48, 49.28, 77.02]
[554, 918, 146];[89.04, 30.1, 59.11]
[17, 964, 60];[60.02, 63.91, 36.41]
[773, 957, 841];[61.66, 76.41, 60.65]
[880, 303, 331];[25.6, 38.1, 63.58]
[774, 335, 928];[56.84, 74.14, 51.79]
[560, 771, 435];[71.22, 100.48, 59.79]
[755, 553, 47];[53.42, 67.82, 77.33]
[150, 294, 957];[39.76, 82.78, 72.34]
[156, 559, 768];[66.75, 65.45, 17.67]
[781, 138, 919];[55.94, 27.43, 82.78]
[773, 139, 301];[61.38, 74.09, 77.97]
[436, 869, 446];[59.02, 49.03, 87.38]
[426, 442, 66];[16.0, 29.99, 34.0]
[925, 869, 832];[64.36, 46.62, 50.02]
[970, 7, 437];[29.62, 50.75, 53.68]
[835, 766, 256];[79.79, 55.51, 73.94]
[124, 929, 101];[65.49, 36.72, 10.08]
[644, 970, 279];[65.6, 27.07, 74.06]
[156, 763, 942];[81.01, 54.8, 55.97]
[403, 223, 805];[52.89, 64.12, 34.72]
[567, 335, 643];[70.66, 61.78, 33.93]
[442, 871, 945];[29.64, 24.27, 18.15]
[711, 946, 131];[1.04, 78.84, 21.14]
[261, 369, 37];[67.2, 60.82, 75.65]
[711, 244, 78];[-1.15, 48.76, 38.22]
[32, 762, 802];[91.86, 78.69, 67.63]
[442, 286, 436];[23.82, 20.01, 73.34]
[794, 147, 796];[123.48, 39.25, 58.66]
[392, 569, 923];[54.79, 55.83, 5.08]
[104, 9, 556];[54.27, 49.0, 24.1]
[564, 20, 442];[79.61, 53.84, 19.18]
[372, 564, 337];[81.65, 56.99, 61.59]
[964, 351, 570];[55.82, 78.4, 35.83]
[567, 219, 179];[69.24, 26.83, 55.92]
[211, 78, 826];[71.66, 43.55, 7.52]
[604, 867, 279];[0.89, 31.65, 79.08]
[29, 46, 451];[31.58, 22.96, 32.59]
[799, 351, 948];[72.72, 69.13, 97.5]
[238, 113, 834];[17.86, 88.38, 79.13]
[255, 923, 893];[57.72, 3.7, 69.59]
[40, 471, 87];[85.76, 2.94, 27.85]
[18, 149, 223];[53.95, 109.06, 95.05]
[156, 826, 835];[82.4, 27.83, 80.06]
[65, 570, 374];[47.67, 34.93, 68.7]
[6, 732, 463];[98.96, 51.88, 51.46]
[842, 338, 343];[49.07, 22.51, 58.92]
[156, 976, 77];[64.29, 48.41, 71.05]
[454, 894, 88];[15.6, 57.38, 1.57]
[296, 220, 113];[75.89, 47.74, 87.4]
[831, 301, 918];[74.42, 55.96, 29.81]
[213, 755, 553];[43.94, 61.6, 55.75]
[84, 40, 776];[11.08, 85.32, 59.85]
[835, 703, 922];[76.99, 58.43, 77.28]
[291, 163, 469];[52.85, 66.58, 24.12]
[279, 951, 461];[67.52, 30.94, 80.01]
[869, 436, 773];[42.89, 71.1, 51.48]
[207, 87, 84];[12.44, 17.56, 16.36]
[11, 799, 805];[114.98, 83.34, 38.58]
[533, 839, 777];[74.65, 10.84, 21.0]
[201, 695, 885];[81.23, 18.12, 42.57]
[201, 320, 426];[72.02, 66.97, 23.69]
[446, 788, 931];[48.3, 30.36, 64.27]
[342, 570, 867];[82.32, 11.82, 41.42]
[787, 8, 786];[49.27, 69.56, 56.67]
[843, 732, 142];[60.51, 57.88, -1.43]
[803, 418, 970];[52.01, 80.27, 22.13]
[342, 786, 797];[78.29, 57.16, 67.19]
[402, 835, 253];[16.12, 60.24, 68.91]
[94, 253, 551];[84.85, 59.47, 75.63]
[461, 38, 313];[75.65, 63.4, 60.07]
[553, 763, 843];[60.63, 48.78, 60.78]
[795, 60, 783];[36.45, 20.85, 77.57]
[2, 602, 446];[72.08, 49.97, 70.68]
[560, 921, 373];[38.21, 66.17, 44.73]
[865, 567, 957];[56.19, 71.75, 84.41]
[728, 244, 826];[70.29, 43.6, 25.25]
[603, 766, 431];[64.51, 54.47, 39.1]
[17, 459, 957];[65.84, 47.87, 81.21]
[77, 387, 858];[75.95, 33.77, 53.39]
[131, 337, 27];[22.02, 61.97, 48.73]
[471, 748, 931];[19.86, 57.14, 69.17]
[343, 87, 426];[52.93, 22.86, 18.64]
[763, 65, 757];[56.42, 43.75, 27.79]
[296, 35, 18];[76.89, 85.94, 55.26]
[929, 791, 109];[36.07, 46.02, 84.22]
[643, 604, 372];[33.26, 2.3, 70.04]
[165, 794, 559];[68.26, 128.65, 62.76]
[752, 145, 362];[69.6, 52.88, 58.04]
[645, 799, 797];[67.43, 67.42, 73.13]
[755, 235, 37];[63.11, 54.68, 76.25]
[412, 798, 73];[67.3, 62.81, 67.08]
[451, 475, 351];[28.41, 7.94, 69.96]
[147, 78, 755];[34.34, 36.95, 63.72]
[223, 925, 8];[70.38, 48.03, 67.76]
[602, 792, 871];[57.9, 75.89, 13.79]
[867, 801, 843];[40.87, 12.45, 67.4]
[759, 253, 766];[58.47, 62.26, 56.13]
[895, 396, 320];[48.8, 47.13, 70.74]
[965, 363, 292];[63.37, 84.87, 7.53]
[60, 957, 343];[25.11, 77.69, 21.62]
[922, 418, 84];[89.96, 78.11, 29.14]
[603, 793, 884];[58.93, 32.64, 62.63]
[211, 426, 949];[62.1, 16.0, 59.86]
[758, 922, 160];[42.14, 70.57, 66.59]
[261, 36, 29];[64.13, 58.19, 22.33]
[342, 791, 799];[71.67, 36.95, 75.69]
[946, 892, 276];[71.33, 84.85, 33.92]
[358, 644, 29];[48.85, 66.03, 23.1]
[783, 771, 711];[79.49, 89.96, 5.31]
[53, 78, 145];[34.81, 42.47, 45.49]
[19, 931, 730];[69.83, 67.52, 43.43]
[802, 118, 786];[68.72, 46.37, 42.51]
[146, 149, 403];[57.49, 100.21, 57.85]
[956, 94, 301];[51.48, 82.31, 60.82]
[215, 971, 403];[52.67, 81.37, 59.13]
[705, 342, 566];[61.46, 75.35, 38.48]
[751, 146, 771];[59.73, 55.55, 99.08]
[166, 38, 643];[40.49, 59.59, 32.41]
[727, 949, 755];[90.01, 38.46, 69.33]
[334, 327, 30];[32.69, 53.69, 28.95]
[801, 7, 873];[28.91, 50.45, 67.44]
[373, 84, 602];[39.4, 22.29, 55.23]
[220, 165, 312];[39.88, 69.2, 69.09]
[147, 207, 431];[41.02, 14.21, 31.94]
[964, 834, 832];[66.24, 69.58, 49.08]
[577, 867, 795];[42.2, 42.35, 39.17]
[78, 128, 40];[39.46, 78.09, 76.6]
[951, 274, 360];[38.72, 46.71, 51.26]
[442, 788, 60];[9.4, 47.06, 20.5]
[91, 566, 922];[66.62, 33.4, 61.03]
[836, 431, 781];[62.49, 37.5, 34.97]
[867, 235, 923];[25.71, 48.1, 10.95]
[338, 800, 949];[26.0, 70.1, 59.86]
[775, 312, 796];[45.23, 62.1, 65.91]
[337, 604, 55];[60.29, 4.26, 66.27]
[67, 6, 145];[38.74, 95.46, 46.89]
[178, 53, 921];[58.14, 33.62, 68.9]
[178, 800, 360];[59.26, 57.21, 49.78]
[919, 881, 801];[63.94, 68.06, 24.56]
[831, 387, 88];[66.65, 33.43, 0.47]
[782, 748, 476];[36.51, 56.35, 58.21]
[733, 858, 560];[66.99, 56.5, 42.34]
[89, 464, 782];[9.82, 39.33, 38.43]
[883, 37, 803];[55.78, 68.46, 45.9]
[831, 958, 359];[56.64, 53.58, 47.37]
[426, 564, 471];[18.85, 62.77, 6.0]
[533, 447, 28];[55.5, 66.98, 41.22]
[472, 413, 964];[57.98, 25.55, 54.69]
[835, 866, 868];[40.24, 60.34, 25.87]
[292, 240, 752];[1.71, 55.19, 72.22]
[213, 106, 867];[38.92, 32.92, 25.93]
[795, 929, 374];[37.44, 15.57, 91.47]
[67, 799, 47];[49.21, 53.85, 75.85]
[451, 17, 705];[21.17, 37.11, 68.99]
[20, 533, 705];[37.34, 49.84, 60.37]
[113, 604, 569];[99.93, 13.52, 70.61]
[238, 705, 274];[12.23, 48.54, 65.65]
[461, 917, 976];[86.53, 14.51, 21.88]
[917, 796, 223];[14.36, 44.63, 66.25]
[142, 342, 38];[8.82, 100.65, 74.25]
[252, 965, 259];[65.4, 42.88, 30.54]
[564, 396, 950];[55.18, 62.79, 49.5]
[65, 360, 842];[47.95, 48.0, 48.0]
[84, 36, 435];[0.4, 57.62, 37.94]
[948, 94, 55];[93.01, 78.58, 62.05]
[955, 859, 773];[42.0, 18.92, 43.78]
[461, 274, 964];[72.81, 53.27, 48.22]
[286, 163, 711];[28.24, 71.93, 2.04]
[765, 369, 426];[71.16, 59.7, 13.77]
[866, 255, 773];[71.66, 48.95, 40.96]
[803, 251, 219];[42.59, 68.63, 27.43]
[791, 216, 947];[41.66, 46.91, 82.09]
[760, 360, 533];[20.64, 46.5, 69.49]
[787, 313, 773];[53.85, 58.65, 43.07]
[387, 32, 867];[31.21, 91.43, 50.14]
[577, 178, 947];[26.9, 59.51, 79.78]
[253, 451, 286];[63.84, 21.46, 18.35]
[995, 442, 766];[44.36, 53.53, 52.32]
[34, 374, 53];[87.83, 63.15, 31.44]
[645, 19, 942];[23.16, 65.84, 63.03]
[431, 884, 255];[44.55, 61.34, 58.71]
[890, 28, 159];[66.72, 31.51, 74.23]
[405, 892, 890];[61.81, 78.18, 67.02]
[329, 252, 116];[83.52, 57.29, 41.79]
[749, 889, 880];[70.51, 59.04, 14.44]
[645, 765, 752];[21.1, 65.66, 74.36]
[560, 884, 240];[44.02, 65.29, 56.47]
[760, 447, 459];[35.34, 65.16, 54.72]
[875, 318, 23];[34.59, 62.48, 61.44]
[160, 396, 362];[74.13, 55.3, 68.46]
[760, 351, 329];[27.83, 99.14, 62.26]
[471, 83, 362];[6.77, 53.08, 67.57]
[769, 35, 89];[53.79, 87.97, 16.01]
[730, 291, 556];[47.09, 61.83, 35.42]
[896, 569, 929];[47.09, 42.58, 39.04]
[451, 471, 251];[21.78, 22.96, 67.45]
[26, 733, 20];[13.28, 73.91, 69.32]
[403, 320, 100];[55.08, 57.92, 12.4]
[790, 362, 88];[5.41, 58.47, -0.7]
[779, 227, 17];[38.89, 70.24, 63.39]
[769, 728, 800];[63.09, 71.04, 66.82]
[914, 135, 786];[48.27, 34.12, 46.45]
[35, 55, 77];[83.96, 61.53, 80.39]
[365, 883, 238];[38.38, 67.62, 20.91]
[604, 871, 870];[1.95, 18.72, 71.28]
[951, 885, 254];[46.06, 46.48, 79.52]
[553, 421, 291];[51.56, 19.97, 55.99]
[787, 842, 727];[70.26, 33.9, 98.32]
[946, 551, 602];[82.2, 95.4, 70.41]
[972, 28, 760];[69.89, 45.88, 27.44]
[805, 929, 796];[31.39, 28.64, 57.62]
[32, 331, 254];[95.88, 53.26, 78.54]
[291, 798, 212];[43.65, 59.08, 43.39]
[865, 958, 454];[56.19, 42.66, 13.66]
[294, 18, 23];[82.16, 59.98, 60.04]
[476, 753, 773];[79.91, 32.83, 39.59]
[570, 695, 255];[46.26, 42.44, 51.99]
[146, 261, 387];[53.17, 82.53, 30.45]
[448, 256, 329];[72.4, 76.48, 71.76]
[833, 870, 921];[72.31, 67.09, 66.36]
[951, 320, 533];[41.1, 60.4, 103.02]
[335, 446, 418];[73.11, 65.07, 72.81]
[413, 158, 463];[49.76, 53.99, 53.71]
[402, 971, 921];[26.07, 70.55, 66.54]
[142, 124, 869];[19.89, 66.07, 47.57]
[166, 965, 18];[45.4, 70.16, 57.83]
[40, 751, 965];[84.06, 57.33, 61.24]
[159, 273, 412];[75.68, 57.69, 65.81]
[922, 779, 859];[72.84, 38.22, 12.79]
[47, 951, 956];[69.72, 37.24, 64.63]
[860, 29, 881];[52.44, 23.91, 64.89]
[732, 304, 836];[49.7, 22.44, 49.24]
[751, 758, 873];[57.73, 45.73, 58.81]
[99, 833, 387];[29.29, 69.94, 32.34]
[956, 131, 877];[63.95, 18.44, 34.89]
[454, 464, 766];[10.76, 41.39, 51.31]
[871, 753, 211];[18.23, 43.69, 76.5]
[23, 895, 20];[58.5, 59.11, 64.74]
[877, 99, 327];[29.95, 25.1, 45.02]
[947, 882, 149];[83.37, 48.26, 100.4]
[476, 730, 790];[63.97, 48.51, 10.31]
[950, 782, 892];[38.05, 42.93, 82.02]
[213, 895, 445];[44.25, 61.66, 64.92]
[252, 362, 286];[66.59, 49.15, 14.23]
[172, 839, 972];[65.0, 2.18, 86.02]
[566, 295, 869];[44.71, 65.62, 55.05]
[255, 801, 800];[72.11, 21.78, 41.9]
[755, 765, 22];[69.26, 67.94, 58.58]
[421, 947, 244];[10.32, 78.42, 36.87]
[472, 469, 235];[67.44, 10.0, 53.05]
[139, 748, 413];[72.08, 51.06, 33.9]
[972, 413, 274];[70.84, 23.98, 56.44]
[26, 893, 858];[12.03, 74.0, 50.01]
[796, 55, 768];[67.89, 59.75, 12.07]
[90, 412, 427];[53.87, 68.95, 51.15]
[895, 374, 238];[50.76, 71.31, 22.04]
[109, 890, 38];[74.11, 56.39, 52.01]
[296, 749, 771];[72.85, 67.46, 88.39]
[163, 17, 446];[65.1, 67.81, 70.02]
[38, 402, 805];[53.57, 23.45, 31.56]
[327, 445, 922];[54.41, 55.89, 73.94]
[472, 752, 971];[66.02, 66.02, 72.14]
[90, 831, 341];[53.3, 67.77, 45.27]
[777, 338, 835];[20.62, 26.77, 77.41]
[67, 755, 40];[35.4, 67.43, 74.57]
[316, 891, 22];[49.78, 69.43, 58.61]
[145, 882, 219];[42.18, 43.41, 22.59]
[551, 100, 762];[76.82, 14.37, 84.63]
[923, 405, 755];[8.13, 46.18, 64.94]
[32, 437, 843];[84.12, 52.68, 62.35]
[139, 777, 949];[68.5, 20.23, 30.6]
[223, 896, 779];[61.44, 40.54, 32.97]
[445, 55, 145];[57.69, 76.49, 49.25]
[166, 118, 971];[44.86, 12.88, 63.97]
[312, 244, 942];[62.24, 54.88, 51.83]
[36, 23, 563];[50.68, 58.34, 94.66]
[870, 865, 875];[62.99, 42.9, 48.76]
[885, 753, 329];[55.38, 35.04, 81.43]
[872, 110, 418];[25.86, 54.86, 63.51]
[748, 138, 55];[68.98, 25.95, 67.73]
[868, 223, 105];[55.55, 59.82, 71.84]
[454, 783, 922];[3.32, 76.61, 80.22]
[286, 836, 800];[29.99, 50.01, 70.1]
[292, 60, 841];[14.07, 32.25, 66.81]
[878, 892, 437];[55.21, 77.16, 53.33]
[451, 533, 9];[21.47, 72.85, 51.29]
[249, 131, 768];[53.32, 33.12, 11.67]
[803, 559, 942];[44.05, 65.58, 55.82]
[801, 843, 215];[21.86, 64.12, 54.08]
[261, 343, 880];[66.96, 58.27, 19.58]
[602, 66, 437];[51.19, 22.33, 52.6]
[860, 179, 110];[65.58, 60.91, 73.11]
[296, 931, 577];[77.74, 57.98, 45.83]
[273, 17, 94];[59.9, 56.45, 78.56]
[159, 948, 172];[78.79, 105.75, 64.42]
[316, 343, 22];[42.81, 57.27, 66.66]
[880, 249, 109];[19.22, 49.98, 76.52]
[6, 783, 883];[112.03, 78.71, 66.75]
[135, 249, 138];[33.88, 51.47, 21.77]
[859, 881, 37];[12.75, 74.66, 80.96]
[873, 951, 727];[71.82, 37.36, 104.89]
[976, 946, 446];[44.63, 89.16, 51.46]
[65, 965, 304];[60.03, 83.13, 48.21]
[873, 790, 292];[72.63, -10.26, 6.24]
[26, 220, 338];[-0.38, 43.86, 18.29]
[106, 178, 894];[34.91, 62.86, 46.26]
[261, 836, 971];[50.75, 55.5, 68.14]
[7, 427, 865];[52.09, 64.29, 42.75]
[604, 296, 947];[-4.68, 69.11, 90.4]
[894, 101, 875];[44.94, 1.18, 43.45]
[951, 133, 431];[19.55, 1.37, 46.5]
[798, 316, 826];[70.97, 50.05, 23.59]
[861, 156, 763];[43.9, 82.4, 60.0]
[567, 65, 365];[71.69, 47.67, 32.14]
[560, 251, 21];[38.57, 65.78, 86.39]
[831, 877, 551];[68.49, 40.04, 75.9]
[160, 18, 923];[68.34, 57.3, 11.49]
[972, 87, 867];[64.02, 21.99, 37.8]
[58, 757, 65];[82.4, 28.93, 46.71]
[566, 866, 337];[55.54, 69.73, 59.91]
[728, 142, 970];[74.5, 16.02, 27.16]
[860, 116, 28];[53.63, 43.0, 35.67]
[945, 881, 128];[12.46, 64.73, 89.66]
[801, 65, 244];[25.27, 43.9, 45.43]
[757, 261, 142];[27.39, 65.34, 17.77]
[28, 113, 858];[34.91, 85.34, 61.99]
[834, 965, 351];[88.78, 64.93, 70.89]
[476, 451, 553];[58.38, 21.71, 45.58]
[159, 131, 781];[80.62, 28.83, 38.63]
[295, 957, 995];[55.48, 86.2, 39.9]
[20, 313, 156];[60.15, 61.39, 66.06]
[773, 920, 22];[44.56, 46.19, 66.45]
[343, 942, 567];[55.59, 60.07, 69.1]
[875, 48, 873];[35.15, 72.38, 58.0]
[139, 365, 34];[69.82, 34.22, 100.22]
[878, 476, 128];[52.18, 61.95, 94.9]
[22, 362, 949];[54.71, 59.71, 68.2]
[402, 551, 105];[17.58, 72.87, 83.4]
[773, 373, 150];[37.95, 39.92, 7.25]
[871, 360, 437];[15.87, 50.61, 47.71]
[251, 448, 922];[59.64, 75.01, 82.98]
[38, 889, 437];[56.46, 60.5, 46.94]
[754, 211, 89];[39.97, 62.1, 16.01]
[273, 46, 89];[58.19, 35.79, 15.74]
[919, 106, 866];[64.42, 46.27, 72.32]
[215, 431, 304];[51.22, 37.9, 24.86]
[363, 970, 413];[78.13, 30.74, 52.11]
[971, 976, 895];[70.99, 49.39, 52.65]
[396, 865, 436];[52.35, 54.17, 67.63]
[18, 363, 995];[56.7, 71.08, 50.15]
[779, 365, 220];[37.94, 34.34, 44.42]
[958, 564, 212];[45.36, 102.91, 34.61]
[803, 773, 976];[41.5, 42.65, 41.44]
[58, 833, 274];[89.39, 71.85, 52.98]
[949, 21, 951];[52.82, 94.93, 39.78]
[965, 885, 27];[57.92, 38.76, 46.87]
[425, 220, 249];[73.08, 29.01, 50.33]
[757, 826, 100];[27.29, 12.62, 8.57]
[951, 67, 866];[38.14, 34.3, 76.81]
[235, 244, 163];[66.19, 45.99, 79.89]
[889, 883, 860];[77.14, 54.6, 42.26]
[577, 23, 955];[68.82, 49.13, 36.31]
[771, 711, 23];[104.73, 27.61, 50.43]
[566, 362, 947];[42.42, 74.57, 86.05]
[834, 37, 942];[89.92, 70.81, 71.36]
[577, 921, 801];[62.04, 67.4, 8.98]
[48, 642, 766];[66.39, 12.25, 39.9]
[313, 138, 928];[64.83, 14.08, 36.74]
[793, 249, 77];[50.36, 53.01, 97.43]
[435, 273, 37];[22.05, 66.01, 64.55]
[84, 780, 53];[-1.34, 99.86, 36.7]
[461, 642, 894];[110.41, 17.41, 47.33]
[27, 207, 779];[53.99, 16.01, 40.01]
[771, 100, 147];[86.98, 11.72, 43.4]
[327, 8, 178];[50.96, 77.99, 56.16]
[219, 958, 363];[25.67, 43.62, 67.97]
[131, 921, 362];[21.29, 66.17, 64.33]
[90, 113, 463];[51.43, 92.64, 53.06]
[841, 451, 995];[69.58, 19.72, 48.72]
[172, 292, 831];[71.18, 14.83, 65.03]
[826, 365, 776];[22.74, 36.17, 75.86]
[84, 471, 146];[12.56, 10.0, 48.82]
[762, 758, 360];[76.91, 41.4, 55.55]
[790, 881, 312];[2.35, 69.56, 61.03]
[896, 435, 469];[42.84, 32.59, 15.3]
[949, 291, 727];[41.08, 69.41, 97.49]
[29, 166, 30];[25.89, 43.1, 26.22]
[469, 995, 567];[14.52, 52.43, 74.88]
[931, 227, 211];[71.32, 74.65, 79.51]
[249, 645, 87];[48.98, 34.24, 30.45]
[889, 40, 104];[74.96, 97.43, 48.41]
[67, 907, 802];[30.12, 14.97, 66.82]
[147, 872, 925];[45.29, 47.57, 55.6]
[30, 351, 556];[25.3, 80.74, 27.61]
[788, 711, 921];[25.73, 6.47, 55.97]
[942, 207, 78];[51.21, -6.02, 19.79]
[921, 755, 145];[49.52, 68.56, 68.37]
[140, 733, 920];[19.0, 69.29, 48.36]
[17, 917, 858];[53.37, 16.67, 51.13]
[995, 294, 147];[65.28, 78.91, 34.19]
[858, 303, 475];[48.05, 32.73, 7.72]
[26, 338, 35];[-5.56, 19.72, 79.63]
[362, 782, 365];[58.01, 29.99, 32.0]
[156, 463, 645];[82.0, 52.57, 29.59]
[797, 748, 795];[80.03, 52.96, 43.28]
[360, 216, 942];[48.37, 46.5, 53.72]
[211, 374, 172];[64.61, 73.05, 59.93]
[65, 286, 793];[49.07, 29.31, 37.34]
[896, 892, 34];[45.61, 87.27, 95.26]
[104, 469, 971];[53.18, 23.95, 69.61]
[304, 313, 695];[27.42, 57.98, 36.79]
[732, 318, 919];[50.19, 61.65, 63.78]
[774, 751, 9];[73.75, 62.9, 49.99]
[99, 765, 730];[26.95, 72.31, 48.25]
[329, 459, 207];[69.84, 48.24, 11.08]
[454, 446, 403];[13.35, 66.24, 57.53]
[88, 402, 273];[-0.5, 20.1, 61.83]
[867, 29, 55];[31.7, 24.04, 73.19]
[100, 89, 138];[11.77, 8.63, 20.93]
[387, 374, 792];[42.34, 72.41, 68.12]
[769, 570, 351];[61.83, 24.34, 82.57]
[163, 928, 28];[79.29, 40.34, 38.24]
[254, 327, 840];[68.67, 58.04, 46.83]
[17, 768, 893];[63.91, 9.29, 71.11]
[773, 442, 463];[48.75, 14.31, 42.43]
[360, 313, 783];[56.76, 51.46, 74.11]
[695, 763, 877];[29.56, 58.54, 33.89]
[840, 138, 331];[44.03, 17.85, 57.13]
[949, 259, 786];[39.95, 41.61, 52.7]
[412, 105, 957];[66.27, 90.57, 81.75]
[359, 146, 133];[38.79, 54.81, 12.21]
[923, 392, 753];[6.1, 48.07, 40.17]
[754, 20, 303];[39.97, 68.01, 36.0]
[877, 160, 917];[41.3, 66.46, 34.76]
[212, 858, 442];[39.25, 50.19, 28.46]
[894, 219, 60];[56.4, 27.45, 32.69]
[253, 100, 894];[60.01, 13.25, 53.03]
[145, 341, 38];[49.46, 42.62, 53.06]
[995, 730, 955];[54.29, 46.15, 40.46]
[412, 320, 773];[71.07, 58.09, 46.5]
[858, 533, 362];[49.82, 79.59, 57.09]
[748, 244, 790];[60.82, 47.77, 5.12]
[965, 947, 881];[69.02, 82.22, 71.39]
[874, 794, 553];[56.0, 126.96, 46.02]
[777, 94, 957];[18.72, 80.41, 86.21]
[32, 372, 418];[90.86, 67.81, 76.43]
[363, 235, 274];[66.44, 50.21, 55.77]
[178, 947, 213];[63.65, 85.43, 43.65]
[604, 418, 865];[2.63, 77.16, 60.03]
[763, 259, 561];[45.92, 41.0, 72.21]
[884, 318, 150];[61.38, 58.31, 16.58]
[448, 240, 296];[71.58, 55.4, 80.06]
[964, 327, 921];[55.18, 60.12, 71.55]
[219, 922, 749];[20.57, 73.69, 64.93]
[727, 91, 412];[96.6, 70.45, 68.82]
[343, 78, 442];[54.32, 37.52, 27.23]
[138, 754, 145];[16.69, 35.86, 48.91]
[790, 6, 446];[8.28, 92.54, 65.59]
[105, 249, 471];[89.19, 53.41, 14.74]
[964, 946, 276];[59.11, 93.65, 38.03]
[339, 463, 957];[7.31, 41.84, 83.3]
[255, 60, 338];[62.66, 26.77, 25.65]
[73, 464, 118];[81.84, 50.0, 37.92]
[6, 775, 461];[97.11, 44.51, 71.96]
[554, 435, 358];[70.26, 37.74, 48.38]
[292, 752, 948];[13.65, 61.87, 94.44]
[773, 964, 865];[44.05, 47.79, 56.5]
[446, 48, 951];[66.12, 65.44, 40.27]
[418, 802, 99];[68.07, 68.0, 33.71]
[431, 251, 11];[40.45, 66.1, 91.0]
[759, 771, 295];[59.66, 102.44, 58.27]
[223, 156, 965];[59.25, 88.62, 74.03]
[84, 826, 291];[22.2, 24.54, 60.26]
[949, 146, 995];[45.17, 49.88, 53.96]
[238, 125, 839];[14.87, 51.28, 25.32]
[22, 970, 556];[54.32, 27.55, 48.43]
[471, 442, 261];[17.72, 23.88, 66.41]
[995, 567, 769];[56.58, 71.1, 70.05]
[21, 374, 295];[80.84, 82.6, 57.86]
[931, 839, 577];[64.8, 23.88, 55.8]
[922, 156, 20];[83.28, 61.28, 59.53]
[881, 339, 431];[74.3, 3.16, 35.79]
[436, 878, 351];[80.41, 50.12, 74.03]
[2, 835, 342];[67.79, 68.75, 59.46]
[577, 179, 338];[56.62, 56.81, 27.8]
[286, 238, 787];[10.61, 6.29, 62.24]
[760, 805, 142];[29.02, 32.81, 10.63]
[244, 320, 286];[46.09, 75.11, 13.07]
[94, 769, 451];[82.15, 69.5, 31.32]
[369, 101, 566];[55.99, 8.48, 52.39]
[55, 836, 802];[75.72, 82.22, 58.85]
[133, 446, 553];[11.05, 49.96, 47.79]
[11, 833, 244];[96.98, 69.14, 43.92]
[931, 320, 447];[68.29, 56.25, 56.45]
[418, 790, 727];[69.98, 8.01, 81.49]
[732, 46, 279];[52.18, 37.57, 71.86]
[839, 971, 871];[25.2, 72.04, 24.52]
[402, 446, 17];[22.26, 66.57, 63.02]
[839, 805, 947];[32.05, 32.64, 82.04]
[131, 705, 238];[23.32, 64.57, 23.34]
[781, 83, 783];[42.44, 49.5, 77.23]
[235, 337, 118];[49.05, 62.53, 25.75]
[469, 26, 865];[23.88, 16.31, 60.45]
[313, 304, 454];[62.82, 38.74, 17.64]
[645, 867, 803];[23.66, 29.65, 44.02]
[253, 40, 179];[66.05, 83.38, 63.78]
[34, 559, 840];[87.49, 63.92, 29.55]
[335, 339, 22];[52.87, 9.03, 60.1]
[776, 413, 559];[53.21, 52.43, 63.09]
[774, 556, 227];[75.74, 43.78, 83.81]
[374, 889, 871];[96.14, 82.12, 20.85]
[805, 732, 957];[33.83, 51.45, 80.81]
[358, 106, 47];[60.22, 43.22, 71.85]
[893, 928, 918];[69.38, 43.21, 34.91]
[147, 727, 789];[40.95, 97.27, 70.39]
[156, 387, 832];[82.05, 49.61, 40.19]
[113, 273, 158];[89.8, 93.08, 94.67]
[921, 976, 877];[68.96, 48.5, 36.55]
[335, 778, 768];[48.31, 30.48, 10.14]
[947, 9, 748];[96.74, 51.39, 72.77]
[889, 995, 763];[73.83, 52.41, 55.78]
[304, 832, 374];[42.41, 46.84, 79.19]
[2, 891, 711];[72.08, 72.0, 10.0]
[147, 923, 781];[44.2, 12.02, 36.19]
[374, 567, 286];[70.92, 72.17, 24.91]
[790, 643, 976];[6.78, 33.32, 42.24]
[950, 766, 763];[38.76, 53.77, 53.35]
[320, 919, 783];[57.59, 66.85, 80.15]
[950, 859, 563];[39.42, 13.06, 78.98]
[475, 644, 312];[16.13, 62.27, 67.63]
[34, 866, 782];[99.52, 70.67, 37.29]
[946, 165, 728];[88.05, 69.27, 74.09]
[227, 252, 577];[76.39, 64.9, 57.69]
[405, 360, 533];[52.62, 50.11, 78.43]
[8, 240, 235];[81.21, 56.76, 47.77]
[925, 882, 551];[65.89, 44.92, 72.85]
[337, 765, 23];[66.61, 66.32, 56.08]
[567, 165, 603];[71.98, 62.42, 54.32]
[914, 313, 294];[59.64, 62.73, 80.44]
[421, 149, 907];[17.25, 101.52, 23.8]
[559, 140, 533];[61.25, 28.51, 78.29]
[7, 643, 337];[47.77, 41.88, 62.54]
[874, 476, 760];[40.09, 63.42, 48.29]
[643, 254, 551];[43.8, 64.38, 72.7]
[566, 800, 469];[69.16, 50.59, 15.97]
[35, 956, 803];[88.21, 62.02, 41.48]
[776, 201, 781];[49.34, 66.45, 41.91]
[763, 867, 753];[51.43, 21.21, 38.21]
[775, 83, 19];[49.22, 71.98, 63.83]
[337, 9, 396];[59.67, 48.01, 49.17]
[771, 831, 946];[118.12, 59.54, 106.25]
[341, 569, 296];[35.39, 28.44, 102.08]
[471, 240, 917];[22.03, 55.52, 36.0]
[970, 133, 387];[32.0, 14.58, 30.29]
[711, 215, 256];[7.92, 51.77, 74.13]
[387, 875, 790];[30.9, 39.08, 7.21]
[949, 32, 373];[62.6, 98.57, 45.99]
[551, 753, 335];[77.64, 35.47, 59.97]
[919, 131, 826];[64.58, 22.34, 19.39]
[73, 563, 914];[78.64, 74.34, 60.74]
[312, 259, 2];[64.43, 43.01, 60.23]
[880, 436, 220];[22.8, 72.14, 40.92]
[703, 759, 238];[64.88, 61.74, 22.19]
[418, 942, 421];[71.17, 63.5, 18.78]
[87, 602, 201];[28.04, 63.0, 65.28]
[343, 312, 884];[54.65, 59.17, 61.15]
[559, 256, 793];[63.71, 81.4, 44.99]
[748, 343, 150];[66.05, 52.88, 19.0]
[563, 201, 140];[72.62, 59.24, 18.19]
[436, 128, 920];[65.44, 94.74, 49.09]
[949, 212, 755];[55.5, 35.52, 77.02]
[435, 833, 476];[34.39, 76.35, 56.08]
[831, 602, 32];[60.28, 59.43, 79.9]
[421, 880, 26];[21.07, 25.88, 7.74]
[928, 27, 359];[44.24, 35.18, 43.66]
[426, 172, 87];[17.67, 60.22, 30.18]
[891, 312, 101];[66.95, 63.83, 11.1]
[286, 765, 773];[18.49, 85.36, 33.42]
[146, 55, 216];[61.75, 64.02, 69.06]
[425, 872, 958];[69.83, 29.05, 47.77]
[83, 892, 476];[40.09, 76.48, 65.54]
[840, 451, 235];[14.43, 8.23, 55.05]
[645, 128, 335];[30.06, 78.03, 59.51]
[567, 392, 733];[71.92, 44.79, 75.67]
[405, 921, 780];[56.86, 67.02, 81.09]
[771, 868, 146];[87.7, 38.82, 52.56]
[84, 261, 787];[10.1, 64.5, 53.29]
[60, 296, 276];[31.48, 73.09, 33.94]
[104, 872, 727];[50.58, 41.51, 83.15]
[883, 925, 778];[72.19, 68.68, 37.5]
[476, 142, 889];[55.23, 20.36, 64.51]
[551, 728, 21];[79.51, 77.54, 81.93]
[783, 947, 207];[77.97, 81.41, 17.89]
[947, 695, 9];[73.99, 39.26, 54.28]
[145, 958, 964];[43.57, 43.57, 54.21]
[402, 251, 159];[16.49, 67.06, 75.6]
[77, 893, 36];[71.07, 72.13, 44.81]
[133, 833, 471];[11.85, 75.63, 20.46]
[950, 244, 259];[42.44, 51.6, 42.6]
[240, 89, 799];[56.57, 12.12, 65.32]
[551, 780, 732];[86.71, 85.63, 66.2]
[77, 882, 757];[69.09, 43.71, 25.31]
[27, 869, 251];[32.08, 46.12, 65.85]
[754, 561, 786];[37.56, 61.66, 68.8]
[955, 255, 554];[28.44, 58.11, 97.99]
[158, 730, 858];[56.68, 47.85, 67.0]
[893, 695, 778];[70.53, 32.42, 49.0]
[922, 392, 116];[67.13, 39.82, 34.39]
[292, 145, 760];[18.22, 44.53, 28.83]
[995, 279, 732];[45.02, 74.78, 85.38]
[881, 873, 976];[59.95, 48.64, 25.2]
[219, 18, 7];[46.55, 54.98, 46.64]
[881, 765, 273];[68.0, 64.02, 58.01]
[253, 437, 896];[59.58, 54.05, 46.6]
[771, 295, 405];[89.17, 58.27, 56.31]
[435, 842, 885];[37.51, 47.39, 60.28]
[286, 178, 873];[25.66, 56.94, 64.59]
[795, 418, 923];[43.18, 72.13, 20.03]
[454, 274, 301];[16.33, 52.99, 61.68]
[803, 841, 149];[43.97, 69.32, 104.64]
[867, 373, 883];[33.32, 39.93, 66.31]
[476, 216, 929];[56.17, 50.68, 31.02]
[101, 158, 387];[9.65, 61.06, 33.66]
[358, 995, 748];[49.99, 50.86, 54.07]
[970, 645, 22];[29.98, 41.12, 63.99]
[427, 87, 476];[57.17, 23.87, 42.82]
[35, 775, 372];[86.08, 44.76, 62.16]
[149, 21, 359];[100.16, 78.35, 43.01]
[604, 19, 881];[4.62, 57.29, 57.75]
[207, 603, 751];[14.42, 61.7, 57.42]
[32, 931, 463];[80.81, 65.68, 40.34]
[949, 841, 799];[93.31, 55.21, 56.07]
[118, 9, 35];[-2.64, 54.93, 68.76]
[922, 316, 426];[74.59, 40.4, 17.62]
[223, 274, 124];[53.05, 56.04, 68.21]
[840, 964, 94];[19.51, 63.24, 81.05]
[312, 396, 94];[68.55, 58.64, 71.54]
[711, 875, 774];[58.79, 29.36, 74.89]
[567, 7, 32];[67.87, 44.65, 66.44]
[923, 60, 799];[15.42, 28.82, 56.71]
[918, 751, 101];[44.39, 59.94, 13.41]
[873, 835, 472];[68.91, 54.57, 69.86]
[643, 965, 918];[32.04, 70.0, 27.99]
[774, 249, 946];[68.53, 52.25, 70.84]
[783, 451, 733];[79.17, 21.49, 78.3]
[805, 403, 836];[33.06, 56.1, 50.51]
[301, 11, 833];[61.6, 103.35, 70.69]
[329, 369, 928];[65.45, 57.35, 43.53]
[261, 765, 89];[60.26, 68.72, 11.89]
[749, 757, 37];[66.0, 31.73, 77.8]
[759, 295, 303];[52.13, 59.96, 38.45]
[695, 877, 37];[28.04, 34.11, 61.89]
[36, 431, 801];[55.17, 41.05, 32.98]
[78, 451, 294];[36.32, 24.04, 79.77]
[37, 133, 351];[42.03, 10.06, 62.47]
[18, 556, 951];[66.08, 40.87, 28.09]
[878, 17, 139];[56.02, 68.91, 76.52]
[762, 316, 877];[82.2, 46.09, 31.27]
[459, 312, 396];[46.46, 67.19, 50.33]
[866, 139, 995];[79.55, 71.89, 50.27]
[892, 564, 730];[99.71, 58.08, 52.07]
[835, 113, 949];[60.38, 92.87, 43.18]
[947, 751, 788];[105.56, 86.63, 36.11]
[219, 178, 387];[14.11, 67.41, 49.73]
[427, 832, 396];[54.78, 32.46, 55.54]
[60, 577, 642];[8.41, 85.67, 9.21]
[842, 22, 775];[45.4, 62.25, 59.23]
[427, 777, 833];[51.2, 5.73, 97.55]
[946, 476, 363];[91.34, 68.23, 88.68]
[358, 142, 763];[52.54, -0.12, 60.12]
[291, 971, 564];[51.68, 58.66, 39.5]
[781, 446, 413];[37.41, 38.76, 35.74]
[53, 793, 23];[30.0, 36.03, 52.0]
[602, 17, 201];[50.42, 67.75, 58.49]
[131, 78, 28];[23.57, 40.75, 31.31]
[889, 923, 760];[62.53, 11.74, 28.84]
[826, 972, 929];[25.02, 65.98, 38.98]
[471, 219, 951];[21.64, 26.35, 41.8]
[451, 304, 642];[23.58, 31.89, 29.91]
[304, 219, 447];[31.39, 29.14, 58.28]
[240, 782, 292];[56.37, 34.66, 13.66]
[146, 733, 37];[55.74, 77.1, 75.08]
[768, 18, 894];[12.15, 59.32, 53.14]
[451, 40, 46];[23.18, 85.36, 31.57]
[892, 40, 732];[82.14, 75.34, 53.94]
[759, 884, 876];[86.28, 61.5, 56.64]
[883, 766, 339];[63.75, 53.82, 7.97]
[556, 88, 30];[25.61, -0.17, 23.89]
[884, 793, 752];[62.16, 38.76, 66.02]
[253, 604, 907];[62.39, 5.76, 12.05]
[787, 878, 760];[64.27, 62.45, 49.83]
[327, 273, 165];[63.14, 78.18, 63.06]
[47, 83, 774];[77.54, 63.43, 86.97]
[32, 413, 255];[83.36, 35.15, 54.21]
[964, 873, 256];[52.35, 68.77, 90.16]
[387, 777, 235];[35.52, 11.69, 50.05]
[895, 20, 566];[51.3, 55.32, 42.63]
[895, 876, 768];[52.11, 62.73, 12.66]
[261, 843, 304];[68.34, 72.96, 41.46]
[36, 34, 301];[36.48, 83.01, 69.83]
[805, 843, 880];[31.52, 63.94, 17.42]
[94, 405, 276];[75.74, 71.14, 41.02]
[451, 884, 94];[20.0, 60.64, 79.15]
[363, 868, 776];[68.05, 38.82, 54.22]
[9, 874, 359];[49.86, 52.94, 35.32]
[165, 77, 244];[60.18, 91.88, 44.06]
[931, 907, 32];[78.02, 66.38, 97.43]
[567, 786, 869];[69.17, 43.12, 48.3]
[792, 561, 604];[60.21, 78.15, 3.85]
[396, 705, 215];[51.42, 59.69, 49.83]
[914, 339, 928];[71.92, 10.81, 45.29]
[877, 124, 564];[40.64, 70.52, 92.52]
[836, 445, 447];[57.68, 47.13, 57.4]
[995, 91, 786];[56.12, 68.29, 54.33]
[752, 94, 329];[62.88, 67.48, 72.1]
[893, 286, 67];[63.28, 21.43, 45.33]
[19, 835, 762];[67.07, 72.69, 75.52]
[790, 885, 757];[9.87, 42.77, 25.97]
[150, 454, 166];[38.05, 20.66, 54.97]
[48, 777, 727];[80.19, 25.98, 99.18]
[235, 779, 249];[57.91, 56.56, 59.64]
[342, 918, 783];[95.17, 35.65, 66.57]
[797, 875, 34];[63.83, 55.1, 77.04]
[469, 533, 83];[9.37, 96.95, 53.94]
[860, 752, 124];[82.34, 67.51, 81.24]
[9, 945, 28];[43.08, 11.76, 43.66]
[793, 11, 437];[45.17, 131.14, 46.44]
[28, 861, 946];[47.47, 97.45, 90.64]
[88, 9, 66];[-1.99, 43.05, 9.8]
[768, 958, 261];[15.23, 53.6, 72.54]
[917, 89, 116];[12.34, 3.75, 37.12]
[405, 172, 871];[78.19, 64.3, 5.87]