[131, 135, 776];[24.03, 29.99, 53.87]
[359, 291, 753];[34.08, 62.51, 33.48]
[99, 970, 211];[32.11, 28.49, 66.03]
[882, 359, 304];[40.7, 34.78, 24.61]
[252, 36, 832];[60.34, 56.58, 46.59]
[461, 893, 436];[79.75, 73.19, 67.89]
[773, 149, 147];[41.69, 111.02, 47.91]
[286, 949, 780];[24.68, 88.42, 84.72]
[603, 316, 374];[75.57, 36.37, 71.52]
[730, 831, 766];[60.56, 64.22, 54.35]
[65, 705, 359];[40.7, 61.86, 34.84]
[337, 88, 418];[60.32, -4.49, 69.47]
[766, 451, 602];[56.23, 21.18, 61.86]
[799, 893, 303];[68.34, 67.36, 43.75]
[790, 783, 359];[3.6, 72.23, 36.37]
[949, 362, 931];[83.89, 66.17, 72.97]
[105, 6, 869];[87.13, 79.61, 52.98]
[320, 238, 914];[49.29, 42.69, 62.13]
[34, 752, 867];[86.9, 67.93, 48.43]
[365, 752, 109];[36.7, 68.51, 77.36]
[892, 240, 757];[68.06, 54.69, 24.87]
[88, 950, 796];[0.59, 70.47, 51.61]
[301, 139, 341];[88.25, 64.72, 36.47]
[835, 89, 891];[74.44, 22.19, 74.98]
[255, 316, 642];[68.38, 45.35, 30.09]
[471, 475, 339];[13.74, 28.72, 1.58]
[30, 149, 797];[28.29, 127.45, 64.44]
[868, 392, 894];[52.79, 71.68, 56.9]
[89, 207, 918];[21.34, 8.03, 31.46]
[972, 860, 89];[74.81, 56.1, 21.24]
[566, 110, 917];[40.0, 66.02, 36.0]
[201, 303, 836];[63.64, 36.32, 51.01]
[403, 109, 554];[53.05, 73.12, 67.23]
[765, 732, 840];[65.85, 50.71, 16.3]
[451, 533, 834];[18.77, 70.0, 80.25]
[362, 858, 150];[63.81, 51.3, 20.23]
[89, 28, 343];[18.83, 30.93, 55.1]
[447, 947, 469];[57.74, 82.53, 25.7]
[945, 273, 219];[20.93, 69.48, 24.94]
[833, 38, 762];[68.3, 51.55, 73.11]
[295, 113, 251];[56.98, 88.35, 67.35]
[58, 359, 201];[99.79, 39.1, 62.53]
[561, 780, 881];[83.3, 81.27, 70.35]
[146, 6, 110];[50.53, 115.56, 67.84]
[781, 776, 970];[33.37, 60.25, 29.75]
[365, 32, 866];[25.14, 95.27, 81.97]
[868, 751, 896];[26.77, 48.94, 34.29]
[645, 749, 919];[10.22, 60.41, 57.85]
[787, 922, 150];[45.48, 70.34, 4.88]
[995, 156, 732];[35.41, 94.04, 39.3]
[105, 925, 331];[76.49, 47.55, 57.06]
[369, 871, 561];[44.1, 17.59, 77.89]
[925, 896, 109];[49.12, 31.76, 89.9]
[843, 781, 877];[69.09, 23.76, 23.51]
[22, 787, 36];[56.15, 42.75, 51.01]
[892, 464, 763];[96.11, 40.77, 57.25]
[47, 20, 145];[63.28, 55.18, 29.87]
[105, 34, 418];[71.13, 96.89, 49.9]
[29, 27, 768];[17.31, 34.49, -4.38]
[431, 554, 865];[53.94, 50.22, 31.38]
[753, 799, 101];[35.97, 76.0, 10.01]
[327, 36, 869];[50.69, 57.11, 46.63]
[797, 754, 730];[75.73, 39.45, 47.61]
[730, 577, 431];[47.54, 42.12, 38.56]
[890, 918, 2];[59.62, 28.53, 66.21]
[84, 834, 957];[34.14, 71.14, 85.62]
[362, 604, 279];[63.55, 3.61, 73.79]
[295, 791, 402];[58.56, 40.26, 21.28]
[876, 922, 602];[57.86, 80.06, 54.39]
[259, 402, 150];[44.44, 21.91, 17.32]
[566, 907, 60];[37.05, 42.61, 27.42]
[564, 752, 803];[58.7, 61.47, 40.82]
[23, 53, 216];[53.29, 43.63, 54.36]
[304, 342, 463];[25.13, 78.65, 38.44]
[219, 396, 6];[23.08, 41.3, 106.9]
[402, 791, 775];[17.49, 32.8, 47.75]
[373, 958, 561];[45.74, 41.55, 79.44]
[343, 147, 727];[55.37, 39.15, 103.07]
[133, 834, 11];[13.55, 69.5, 120.88]
[109, 19, 6];[88.35, 57.61, 74.73]
[801, 101, 448];[20.27, 3.04, 80.17]
[135, 372, 66];[31.63, 68.73, 14.17]
[359, 6, 876];[50.25, 85.78, 64.51]
[351, 358, 286];[73.23, 72.35, 16.98]
[914, 971, 435];[64.49, 87.34, 40.84]
[876, 118, 773];[61.67, 26.73, 39.9]
[749, 859, 90];[69.83, -3.48, 50.95]
[730, 876, 831];[48.98, 57.08, 55.42]
[329, 995, 99];[75.3, 56.42, 18.81]
[23, 461, 445];[48.2, 107.82, 54.09]
[907, 865, 165];[43.69, 56.01, 55.99]
[402, 881, 755];[25.9, 67.95, 58.49]
[890, 958, 29];[59.98, 43.28, 22.84]
[964, 178, 860];[50.51, 57.72, 46.27]
[833, 337, 34];[71.03, 62.99, 94.45]
[553, 751, 893];[45.7, 56.29, 73.02]
[551, 836, 947];[75.47, 55.3, 80.91]
[841, 880, 34];[67.12, 19.27, 86.71]
[773, 928, 826];[44.75, 44.98, 17.99]
[895, 273, 320];[51.31, 60.5, 57.54]
[318, 418, 786];[57.58, 72.02, 41.31]
[320, 276, 971];[57.22, 34.55, 67.65]
[956, 889, 751];[51.1, 61.41, 57.6]
[727, 172, 777];[94.18, 60.26, 18.45]
[213, 445, 919];[46.64, 57.91, 62.24]
[570, 358, 798];[27.12, 47.96, 68.72]
[413, 343, 553];[40.36, 57.74, 40.36]
[318, 877, 448];[52.19, 45.22, 65.73]
[131, 919, 873];[21.06, 58.43, 60.89]
[146, 426, 23];[52.28, 18.47, 55.62]
[179, 166, 100];[60.97, 53.37, 15.73]
[873, 413, 159];[63.82, 41.94, 80.04]
[159, 896, 876];[77.04, 40.78, 57.25]
[884, 207, 342];[60.2, 9.28, 62.58]
[17, 405, 956];[54.11, 42.91, 45.57]
[563, 166, 454];[83.37, 49.4, 6.79]
[914, 476, 23];[59.11, 71.71, 39.66]
[792, 885, 832];[82.17, 45.03, 45.97]
[454, 755, 451];[7.94, 70.75, 16.28]
[261, 337, 748];[65.58, 68.1, 53.73]
[276, 873, 23];[33.98, 56.33, 52.0]
[896, 291, 338];[47.74, 62.13, 26.08]
[753, 946, 320];[35.08, 71.47, 57.63]
[469, 73, 374];[27.08, 82.44, 69.64]
[165, 94, 158];[55.77, 78.98, 57.81]
[643, 149, 839];[32.94, 109.18, 24.19]
[799, 279, 84];[72.95, 74.01, 15.37]
[771, 78, 925];[93.02, 42.49, 66.31]
[931, 47, 475];[68.93, 69.81, 18.32]
[643, 94, 83];[35.9, 69.81, 48.74]
[765, 150, 872];[67.48, 20.42, 71.22]
[362, 392, 442];[60.79, 47.44, 26.03]
[216, 765, 91];[47.53, 68.83, 78.82]
[360, 337, 110];[53.23, 62.61, 68.05]
[35, 920, 551];[88.99, 49.38, 81.69]
[752, 567, 145];[65.66, 68.67, 54.65]
[859, 213, 928];[12.4, 38.79, 38.85]
[832, 728, 559];[43.82, 59.11, 59.95]
[799, 970, 881];[73.72, 31.39, 76.78]
[826, 779, 971];[16.09, 29.94, 60.45]
[883, 58, 890];[65.91, 82.32, 53.14]
[359, 866, 884];[37.34, 62.23, 55.76]
[47, 884, 918];[39.7, 57.58, 33.44]
[304, 113, 251];[41.23, 114.19, 80.52]
[369, 2, 867];[66.73, 82.47, 20.59]
[778, 216, 835];[18.05, 49.6, 68.8]
[882, 20, 843];[39.24, 47.0, 78.59]
[87, 471, 251];[39.53, 4.93, 77.77]
[146, 459, 431];[46.91, 45.31, 55.4]
[11, 8, 779];[112.57, 66.95, 27.64]
[889, 201, 957];[60.02, 58.9, 84.6]
[859, 276, 259];[19.9, 34.56, 51.58]
[286, 730, 703];[28.86, 46.7, 56.94]
[826, 158, 421];[29.21, 56.27, 20.07]
[90, 459, 880];[53.57, 44.79, 27.23]
[73, 463, 920];[82.8, 48.67, 50.13]
[30, 603, 60];[33.9, 66.92, 31.89]
[40, 928, 46];[80.29, 46.66, 44.85]
[868, 20, 125];[41.71, 63.26, 60.07]
[66, 276, 730];[26.15, 31.85, 46.69]
[369, 83, 335];[62.42, 47.31, 59.49]
[343, 301, 783];[54.21, 67.36, 76.16]
[872, 776, 73];[59.75, 56.7, 70.91]
[448, 215, 138];[69.96, 51.64, 24.19]
[149, 730, 240];[100.93, 36.44, 56.27]
[58, 459, 223];[72.57, 54.88, 66.11]
[312, 472, 387];[79.49, 77.55, 38.98]
[945, 329, 792];[7.8, 78.25, 78.67]
[833, 216, 159];[73.33, 60.75, 72.84]
[922, 360, 32];[79.89, 65.66, 80.43]
[106, 783, 801];[60.94, 66.44, 10.47]
[21, 215, 159];[79.01, 49.69, 78.7]
[799, 771, 786];[63.42, 112.26, 60.59]
[369, 128, 949];[62.95, 107.35, 85.97]
[705, 644, 794];[58.19, 61.77, 128.83]
[77, 19, 342];[84.23, 58.58, 103.43]
[794, 320, 556];[116.05, 66.12, 24.4]
[387, 782, 99];[56.05, 62.28, 17.0]
[947, 304, 564];[93.84, 36.71, 86.48]
[318, 418, 885];[67.62, 85.21, 23.87]
[437, 128, 91];[54.0, 78.03, 81.13]
[213, 955, 147];[45.92, 41.75, 45.18]
[67, 301, 840];[38.93, 62.3, 17.36]
[418, 551, 914];[69.6, 78.49, 49.0]
[871, 295, 78];[26.67, 56.64, 42.23]
[6, 950, 802];[94.95, 39.22, 73.2]
[840, 274, 871];[16.56, 53.21, 24.87]
[928, 235, 405];[45.85, 46.69, 61.1]
[426, 32, 728];[18.8, 93.0, 73.14]
[958, 788, 113];[49.69, 42.01, 80.9]
[446, 11, 256];[64.11, 94.31, 77.06]
[559, 253, 87];[66.0, 67.41, 28.47]
[971, 427, 435];[71.59, 57.94, 24.64]
[783, 774, 67];[83.76, 78.93, 50.39]
[533, 752, 602];[73.9, 70.62, 50.11]
[405, 201, 32];[52.16, 69.19, 85.22]
[436, 925, 359];[81.12, 61.62, 47.75]
[798, 559, 413];[77.22, 64.4, 47.21]
[252, 77, 801];[57.71, 52.65, 21.39]
[788, 907, 922];[46.18, 31.06, 74.67]
[142, 577, 917];[11.63, 53.5, 23.09]
[149, 19, 125];[95.55, 71.77, 53.25]
[645, 329, 251];[57.11, 72.67, 41.32]
[885, 442, 955];[41.12, 33.3, 40.12]
[885, 803, 109];[32.83, 53.08, 98.1]
[872, 564, 931];[35.33, 83.57, 57.18]
[566, 335, 875];[37.66, 49.81, 21.47]
[286, 451, 907];[3.22, 32.21, 27.19]
[861, 442, 276];[81.07, 23.44, 35.84]
[101, 90, 146];[8.95, 51.91, 49.77]
[34, 946, 279];[93.93, 69.96, 70.01]
[304, 765, 426];[27.06, 64.42, 17.44]
[841, 65, 329];[68.15, 47.26, 66.66]
[9, 135, 773];[51.11, 28.94, 44.81]
[291, 274, 459];[65.9, 53.1, 44.78]
[476, 83, 781];[53.8, 47.19, 40.5]
[870, 67, 733];[74.47, 40.04, 70.5]
[116, 775, 870];[40.81, 51.53, 68.32]
[327, 286, 294];[49.65, 25.68, 82.55]
[533, 89, 22];[73.43, 13.89, 66.55]
[295, 131, 871];[55.63, 32.9, 23.71]
[223, 843, 146];[58.12, 66.16, 54.24]
[435, 882, 779];[37.67, 39.78, 45.04]
[150, 240, 365];[18.43, 57.31, 31.37]
[866, 334, 705];[67.2, 38.6, 66.29]
[889, 405, 775];[63.45, 61.69, 54.76]
[472, 392, 78];[70.83, 50.0, 48.57]
[841, 32, 893];[72.38, 94.13, 71.3]
[880, 286, 832];[17.75, 16.87, 46.44]
[757, 227, 426];[24.11, 82.36, 24.34]
[703, 316, 11];[57.15, 43.92, 112.34]
[316, 23, 831];[42.44, 56.6, 58.34]
[327, 9, 22];[53.39, 45.76, 76.22]
[372, 150, 292];[69.07, 15.48, 11.73]
[754, 894, 427];[37.4, 41.14, 57.4]
[34, 329, 91];[76.79, 77.06, 69.6]
[235, 890, 781];[56.37, 64.54, 48.61]
[34, 752, 67];[78.18, 59.19, 46.2]
[425, 211, 861];[79.14, 66.66, 139.53]
[124, 922, 885];[80.67, 83.84, 35.08]
[765, 201, 47];[64.02, 58.9, 65.83]
[551, 957, 165];[75.17, 84.47, 56.01]
[781, 219, 125];[36.93, 26.16, 54.54]
[142, 47, 774];[20.02, 40.45, 68.87]
[884, 472, 861];[62.76, 68.51, 41.96]
[783, 877, 965];[78.62, 41.0, 69.95]
[329, 805, 884];[67.25, 32.3, 64.35]
[797, 796, 149];[85.39, 70.55, 110.17]
[213, 7, 163];[43.93, 49.73, 72.32]
[732, 253, 711];[50.98, 62.24, 20.29]
[760, 448, 313];[35.38, 69.73, 64.57]
[83, 216, 106];[57.45, 46.63, 46.71]
[158, 942, 896];[75.79, 57.34, 48.68]
[566, 220, 318];[34.2, 47.73, 62.26]
[339, 703, 2];[5.49, 53.63, 87.22]
[163, 766, 774];[63.35, 50.11, 79.66]
[840, 783, 329];[20.4, 72.73, 53.17]
[447, 276, 150];[67.59, 26.71, 15.58]
[334, 882, 303];[27.42, 42.79, 34.78]
[907, 561, 896];[24.9, 76.83, 49.79]
[279, 918, 437];[76.71, 32.2, 43.14]
[84, 757, 405];[10.88, 31.47, 56.75]
[66, 53, 781];[41.31, 57.23, 35.73]
[252, 156, 923];[64.37, 87.14, 7.37]
[252, 711, 918];[66.65, 7.95, 30.19]
[860, 881, 779];[61.71, 76.26, 40.8]
[895, 256, 868];[47.04, 80.61, 36.47]
[695, 868, 331];[16.84, 38.3, 68.99]
[895, 238, 17];[47.23, 0.3, 69.2]
[874, 373, 448];[37.03, 46.39, 60.04]
[942, 754, 566];[51.75, 39.97, 40.0]
[448, 792, 106];[71.81, 59.54, 46.31]
[642, 343, 292];[29.55, 56.47, 13.73]
[313, 461, 261];[58.7, 71.28, 64.98]
[104, 564, 337];[49.24, 87.68, 59.89]
[172, 463, 30];[58.65, 55.9, 37.81]
[67, 760, 778];[38.97, 29.66, 32.45]
[32, 372, 279];[98.92, 76.0, 72.66]
[316, 868, 276];[37.26, 42.19, 34.37]
[77, 922, 868];[75.56, 79.46, 45.78]
[435, 18, 142];[37.87, 53.66, 29.94]
[276, 94, 971];[35.23, 77.05, 75.38]
[733, 17, 948];[71.0, 64.67, 100.94]
[133, 769, 928];[14.85, 63.79, 44.77]
[777, 803, 454];[13.09, 43.54, 15.09]
[760, 77, 869];[29.42, 70.89, 51.78]
[301, 833, 789];[67.47, 77.2, 87.84]
[436, 316, 29];[74.16, 38.56, 23.38]
[362, 769, 755];[68.13, 56.48, 65.21]
[843, 303, 104];[73.96, 42.39, 47.57]
[431, 254, 252];[37.63, 66.03, 65.93]
[159, 58, 387];[80.69, 77.51, 35.66]
[835, 867, 254];[77.92, 42.03, 63.44]
[166, 11, 30];[52.75, 101.63, 25.17]
[402, 338, 868];[12.32, 23.9, 39.63]
[244, 947, 316];[49.03, 85.15, 39.14]
[35, 472, 471];[95.2, 74.27, 16.26]
[881, 788, 254];[64.25, 60.05, 65.75]
[645, 413, 945];[45.46, 63.37, 1.59]
[6, 166, 163];[73.3, 54.3, 76.54]
[768, 779, 753];[12.01, 40.01, 35.97]
[560, 435, 877];[37.96, 38.05, 40.25]
[805, 890, 791];[31.67, 56.73, 37.03]
[160, 251, 753];[69.49, 69.43, 37.54]
[304, 163, 873];[24.25, 62.78, 59.7]
[950, 896, 783];[41.77, 45.85, 80.12]
[334, 295, 244];[34.44, 61.86, 51.69]
[800, 19, 240];[71.37, 71.17, 61.06]
[279, 777, 403];[68.25, 16.88, 57.41]
[459, 207, 917];[41.66, 17.14, 36.29]
[778, 373, 949];[31.6, 45.54, 62.27]
[131, 23, 312];[38.31, 53.5, 72.79]
[106, 878, 139];[44.69, 50.87, 65.47]
[32, 877, 794];[96.83, 51.86, 128.55]
[30, 551, 754];[31.31, 102.53, 34.85]
[67, 405, 794];[33.19, 61.85, 120.77]
[109, 561, 369];[69.0, 74.02, 64.63]
[922, 956, 803];[96.83, 57.02, 44.75]
[254, 20, 793];[77.25, 56.42, 30.99]
[124, 454, 73];[75.24, 15.62, 74.67]
[790, 891, 447];[19.19, 66.29, 53.27]
[227, 294, 327];[65.7, 81.08, 61.21]
[11, 801, 372];[97.54, 13.82, 72.21]
[778, 369, 758];[44.33, 59.29, 38.2]
[146, 797, 564];[50.87, 55.31, 111.46]
[567, 763, 876];[65.51, 26.83, 54.22]
[448, 791, 560];[76.52, 49.25, 37.32]
[860, 235, 110];[55.63, 59.93, 71.29]
[46, 469, 949];[47.25, 4.46, 44.79]
[442, 8, 150];[26.0, 65.25, 16.97]
[362, 17, 150];[58.01, 67.99, 22.02]
[800, 251, 762];[66.91, 65.26, 70.55]
[213, 554, 286];[45.68, 68.74, 28.06]
[880, 101, 425];[20.41, 9.75, 73.48]
[387, 255, 55];[31.53, 48.58, 65.04]
[893, 876, 351];[73.01, 64.23, 68.34]
[792, 133, 405];[68.11, 14.35, 55.1]
[803, 889, 643];[37.98, 63.4, 33.47]
[890, 839, 869];[57.91, 18.56, 48.77]
[7, 30, 396];[47.69, 42.85, 47.0]
[47, 351, 66];[72.66, 69.65, 40.61]
[891, 38, 274];[75.49, 58.17, 56.1]
[159, 135, 425];[86.79, 29.72, 69.86]
[26, 156, 135];[11.9, 81.7, 29.22]
[475, 369, 27];[15.41, 59.7, 53.93]
[876, 461, 89];[62.5, 81.53, 10.96]
[125, 947, 762];[56.55, 88.51, 75.85]
[946, 777, 791];[79.81, 12.11, 44.8]
[894, 431, 149];[59.41, 38.21, 106.26]
[942, 163, 775];[63.88, 69.04, 50.4]
[882, 471, 67];[39.0, 13.55, 35.17]
[313, 826, 89];[63.45, 39.0, 7.54]
[955, 254, 695];[41.93, 72.94, 32.93]
[53, 30, 802];[34.8, 39.27, 72.79]
[2, 645, 139];[80.55, 40.56, 75.01]
[971, 870, 88];[78.67, 80.52, -4.92]
[765, 104, 392];[75.65, 51.89, 51.0]
[40, 795, 459];[88.76, 35.16, 43.16]
[254, 116, 27];[58.97, 41.52, 38.48]
[435, 780, 78];[28.62, 85.04, 40.76]
[874, 276, 87];[48.54, 33.98, 22.02]
[882, 948, 753];[44.7, 91.92, 35.44]
[826, 965, 435];[27.12, 69.17, 38.39]
[774, 779, 412];[69.13, 41.32, 69.47]
[46, 951, 412];[38.3, 41.29, 68.16]
[165, 858, 84];[61.11, 53.12, -2.13]
[215, 425, 560];[51.23, 73.75, 38.84]
[880, 426, 133];[20.8, 16.67, 12.79]
[948, 256, 211];[85.38, 77.62, 64.57]
[435, 766, 446];[37.45, 59.27, 74.16]
[703, 569, 472];[63.19, 62.98, 75.51]
[894, 251, 475];[54.08, 71.34, 18.84]
[207, 431, 561];[13.48, 43.3, 71.33]
[360, 917, 889];[53.24, 27.09, 73.86]
[351, 889, 338];[74.22, 69.72, 30.96]
[36, 931, 965];[46.66, 66.82, 47.4]
[251, 929, 427];[62.48, 25.96, 66.57]
[788, 135, 885];[35.59, 34.76, 56.25]
[405, 89, 957];[67.18, 14.28, 93.81]
[566, 254, 87];[34.54, 74.22, 37.49]
[757, 369, 885];[26.28, 58.29, 56.96]
[893, 833, 249];[68.22, 81.86, 55.38]
[958, 403, 26];[55.74, 66.57, 6.07]
[83, 790, 840];[49.84, 1.71, 20.31]
[891, 921, 869];[81.19, 82.33, 70.94]
[920, 832, 84];[53.36, 55.72, 13.16]
[874, 138, 110];[52.21, 28.29, 72.22]
[751, 918, 343];[83.14, 50.47, 50.94]
[166, 768, 783];[52.41, 11.68, 72.59]
[65, 421, 551];[41.19, 30.65, 90.57]
[774, 83, 921];[67.71, 45.93, 66.04]
[28, 965, 37];[30.54, 70.34, 74.38]
[783, 883, 861];[79.19, 73.65, 43.13]
[757, 104, 799];[30.33, 49.87, 79.96]
[160, 223, 831];[69.43, 58.43, 68.75]
[436, 20, 711];[68.78, 68.25, 6.36]
[569, 178, 261];[50.66, 60.33, 64.64]
[100, 437, 255];[14.83, 53.3, 50.17]
[459, 866, 339];[42.17, 70.56, 10.23]
[125, 570, 566];[59.84, 27.6, 38.9]
[882, 253, 789];[40.57, 62.95, 75.44]
[870, 917, 279];[74.16, 30.62, 74.51]
[35, 754, 337];[88.14, 38.34, 59.51]
[566, 786, 138];[38.33, 50.97, 25.11]
[216, 145, 212];[41.85, 60.61, 40.73]
[894, 995, 156];[46.7, 56.67, 80.66]
[769, 948, 20];[77.63, 105.0, 62.33]
[22, 892, 101];[67.56, 90.75, 8.08]
[219, 113, 883];[18.08, 109.06, 63.22]
[165, 329, 789];[88.28, 72.61, 84.08]
[773, 213, 413];[42.23, 33.55, 33.17]
[921, 951, 7];[62.39, 32.91, 54.03]
[254, 442, 35];[72.64, 18.97, 90.48]
[255, 874, 22];[59.47, 33.2, 54.69]
[58, 124, 840];[96.12, 49.65, 15.67]
[885, 776, 316];[46.36, 56.72, 54.56]
[461, 469, 365];[88.55, 10.62, 42.92]
[749, 124, 604];[58.03, 48.06, -13.94]
[30, 301, 219];[30.93, 65.84, 6.8]
[133, 780, 779];[14.17, 85.72, 19.77]
[116, 252, 251];[41.92, 57.73, 65.2]
[160, 110, 166];[66.39, 66.59, 44.5]
[839, 566, 874];[32.11, 39.49, 49.5]
[788, 418, 58];[38.16, 69.15, 80.42]
[876, 758, 769];[58.51, 43.57, 59.81]
[255, 451, 755];[49.16, 21.88, 62.84]
[403, 359, 47];[58.17, 38.79, 71.44]
[312, 602, 783];[63.06, 63.28, 76.53]
[917, 343, 329];[35.48, 53.4, 68.74]
[645, 295, 884];[29.04, 57.35, 64.66]
[780, 58, 556];[86.04, 69.0, 47.63]
[925, 766, 798];[68.62, 59.92, 78.36]
[883, 343, 101];[70.59, 54.58, 10.62]
[774, 412, 880];[72.05, 76.32, 21.78]
[37, 867, 805];[69.48, 31.62, 34.71]
[873, 147, 931];[75.73, 35.02, 66.76]
[563, 9, 475];[77.64, 54.55, 17.03]
[832, 405, 755];[52.45, 57.73, 62.76]
[90, 159, 711];[53.58, 74.77, 28.65]
[35, 789, 755];[80.29, 68.86, 53.9]
[223, 786, 839];[69.32, 67.61, 22.8]
[569, 274, 131];[32.71, 61.07, 16.57]
[91, 158, 826];[72.15, 62.93, 11.77]
[868, 705, 955];[47.53, 59.01, 35.48]
[945, 703, 758];[4.85, 77.65, 44.89]
[858, 797, 885];[57.63, 74.76, 52.44]
[219, 560, 363];[31.86, 53.07, 72.98]
[957, 211, 341];[90.32, 75.57, 40.01]
[89, 928, 802];[14.07, 49.95, 55.91]
[860, 358, 946];[52.8, 60.07, 103.78]
[365, 958, 138];[32.0, 41.99, 20.01]
[786, 957, 769];[43.56, 84.5, 54.19]
[865, 459, 881];[56.92, 44.78, 68.85]
[38, 131, 313];[52.38, 34.49, 59.0]
[602, 947, 976];[52.15, 79.4, 46.26]
[36, 421, 337];[56.81, 19.05, 61.11]
[101, 66, 791];[10.49, 37.49, 36.58]
[286, 917, 564];[27.29, 34.05, 86.07]
[727, 351, 894];[85.53, 73.02, 51.96]
[240, 875, 695];[55.98, 41.49, 33.95]
[215, 834, 914];[51.07, 75.89, 48.86]
[858, 790, 566];[54.3, 0.75, 39.08]
[802, 603, 99];[65.72, 71.71, 32.12]
[459, 335, 341];[47.36, 60.2, 44.03]
[794, 799, 94];[134.03, 72.24, 75.5]
[286, 790, 889];[16.86, 6.24, 75.96]
[570, 113, 362];[29.49, 91.86, 74.62]
[870, 145, 800];[85.06, 56.92, 52.37]
[235, 296, 803];[48.99, 86.69, 42.99]
[286, 437, 553];[21.0, 53.57, 49.03]
[40, 94, 964];[80.4, 79.24, 49.92]
[733, 6, 335];[66.62, 95.87, 47.67]
[274, 859, 892];[66.19, 5.27, 77.3]
[947, 244, 644];[97.9, 50.34, 62.18]
[274, 427, 755];[64.81, 57.89, 64.33]
[918, 67, 249];[34.45, 75.08, 76.42]
[780, 775, 276];[98.95, 64.27, 44.06]
[19, 106, 754];[71.35, 57.64, 35.47]
[223, 36, 964];[71.2, 25.77, 42.89]
[179, 794, 118];[52.08, 116.86, 14.31]
[337, 212, 782];[59.64, 38.01, 29.99]
[781, 133, 946];[35.99, 11.67, 70.65]
[564, 431, 877];[87.57, 38.18, 39.97]
[780, 833, 866];[89.66, 67.76, 86.78]
[645, 351, 20];[36.94, 72.41, 68.76]
[553, 140, 179];[47.33, 19.93, 69.81]
[116, 995, 727];[40.01, 53.07, 86.85]
[437, 261, 801];[55.95, 68.58, 26.87]
[865, 727, 21];[60.13, 83.56, 82.45]
[781, 316, 343];[40.68, 35.67, 53.81]
[914, 799, 733];[48.75, 74.06, 75.47]
[292, 329, 780];[11.87, 69.84, 93.08]
[94, 11, 918];[78.56, 102.95, 25.18]
[35, 727, 891];[98.42, 74.01, 78.95]
[435, 249, 165];[47.02, 55.98, 72.31]
[883, 882, 28];[59.35, 45.33, 37.17]
[796, 560, 867];[56.62, 41.26, 43.65]
[946, 295, 296];[85.35, 61.15, 80.12]
[442, 295, 842];[29.43, 60.9, 43.03]
[412, 295, 796];[72.07, 53.38, 53.79]
[805, 163, 779];[39.99, 63.82, 40.71]
[343, 8, 73];[28.28, 83.3, 68.28]
[413, 769, 255];[42.88, 73.47, 49.21]
[448, 695, 90];[75.49, 36.7, 51.45]
[771, 839, 894];[118.21, 14.2, 40.86]
[929, 6, 8];[29.97, 108.96, 82.85]
[338, 252, 475];[14.3, 64.74, -2.76]
[865, 965, 733];[64.28, 63.56, 63.69]
[556, 372, 294];[41.86, 73.13, 73.81]
[34, 885, 463];[87.1, 36.88, 45.31]
[318, 435, 172];[56.01, 37.98, 59.98]
[118, 220, 732];[45.82, 47.88, 51.67]
[295, 113, 883];[57.31, 80.2, 73.35]
[454, 94, 32];[15.68, 83.76, 99.78]
[867, 67, 359];[52.96, 37.87, 37.78]
[463, 644, 461];[64.12, 64.46, 77.06]
[922, 150, 865];[74.01, 18.35, 54.87]
[435, 881, 316];[35.1, 68.93, 43.77]
[771, 925, 782];[93.29, 64.65, 30.67]
[32, 100, 301];[94.31, 11.36, 57.58]
[891, 868, 142];[75.87, 34.19, 11.65]
[55, 569, 783];[71.89, 55.7, 81.85]
[139, 884, 359];[66.77, 64.75, 37.49]
[36, 259, 798];[58.92, 53.22, 84.53]
[48, 2, 769];[61.63, 86.82, 66.44]
[751, 335, 475];[61.83, 59.0, 10.39]
[91, 826, 46];[80.06, 17.42, 0.71]
[279, 780, 789];[82.89, 94.74, 66.57]
[21, 66, 842];[82.62, 25.16, 37.62]
[276, 34, 334];[44.92, 73.5, 40.95]
[219, 146, 316];[17.69, 48.46, 52.56]
[645, 893, 105];[41.4, 80.24, 88.94]
[569, 149, 841];[56.57, 88.23, 48.7]
[244, 931, 37];[50.28, 34.1, 63.09]
[842, 826, 351];[9.45, -18.71, 108.42]
[472, 9, 67];[90.53, 60.61, 47.61]
[995, 603, 166];[60.82, 58.29, 49.42]
[358, 403, 843];[57.05, 61.69, 88.2]
[87, 774, 335];[19.64, 90.62, 55.84]
[163, 207, 923];[81.13, 10.4, 8.6]
[925, 869, 77];[64.04, 46.33, 77.68]
[865, 113, 40];[55.76, 79.66, 83.29]
[880, 11, 469];[20.0, 94.62, 25.78]
[793, 40, 695];[37.36, 75.37, 36.29]
[387, 251, 304];[35.47, 60.62, 29.7]
[304, 276, 159];[28.68, 38.12, 79.78]
[476, 840, 883];[58.43, 18.37, 61.82]
[442, 124, 118];[42.14, 66.06, 29.48]
[896, 158, 296];[46.71, 60.37, 75.72]
[469, 792, 958];[14.74, 66.13, 52.23]
[26, 27, 446];[7.43, 36.81, 53.63]
[65, 919, 331];[41.63, 68.76, 52.33]
[47, 447, 463];[70.53, 66.62, 56.29]
[142, 431, 703];[13.83, 40.96, 45.46]
[758, 753, 788];[47.81, 42.91, 40.27]
[921, 87, 37];[69.16, 25.36, 61.05]
[797, 569, 426];[64.35, 55.24, 18.14]
[89, 163, 150];[7.94, 76.55, 22.57]
[560, 6, 929];[48.39, 82.52, 22.21]
[771, 883, 752];[96.73, 41.42, 67.12]
[369, 252, 254];[42.86, 59.87, 47.4]
[603, 445, 459];[50.9, 60.29, 41.67]
[733, 254, 165];[55.45, 61.81, 56.1]
[840, 843, 365];[22.45, 74.3, 27.93]
[48, 875, 795];[71.27, 35.44, 51.17]
[255, 779, 564];[59.97, 36.37, 59.22]
[89, 782, 396];[4.89, 53.58, 45.13]
[172, 703, 957];[67.96, 53.68, 98.21]
[794, 950, 313];[113.93, 46.35, 58.33]
[359, 553, 339];[45.67, 51.44, -4.6]
[728, 554, 448];[70.01, 68.04, 72.0]
[254, 877, 947];[60.31, 39.94, 76.45]
[577, 34, 365];[39.18, 93.82, 31.75]
[425, 794, 788];[73.27, 130.07, 37.36]
[73, 970, 560];[78.53, 28.45, 41.84]
[431, 553, 26];[38.36, 46.19, 11.8]
[83, 732, 766];[50.9, 55.94, 54.58]
[947, 365, 254];[78.69, 31.8, 61.44]
[207, 89, 37];[16.12, 13.69, 70.68]
[11, 787, 880];[99.86, 55.95, 19.3]
[159, 341, 889];[84.09, 44.0, 59.53]
[929, 782, 577];[37.82, 43.55, 53.21]
[338, 48, 561];[12.45, 69.86, 63.8]
[362, 876, 436];[57.67, 58.62, 76.14]
[150, 942, 777];[5.13, 59.27, 23.04]
[475, 425, 780];[3.01, 70.73, 85.63]
[53, 150, 9];[40.2, 5.73, 49.42]
[533, 892, 244];[64.47, 92.78, 31.1]
[343, 803, 951];[58.65, 48.57, 20.61]
[775, 91, 2];[59.25, 77.28, 67.26]
[840, 78, 919];[18.5, 49.3, 71.96]
[873, 556, 37];[53.47, 23.1, 51.17]
[971, 752, 779];[72.92, 62.4, 38.89]
[860, 950, 929];[45.36, 51.24, 40.56]
[732, 789, 892];[45.91, 70.81, 91.67]
[447, 570, 569];[73.71, -7.98, 48.41]
[29, 727, 556];[24.0, 107.88, 18.94]
[418, 413, 919];[66.98, 28.15, 64.62]
[861, 841, 6];[52.17, 65.46, 110.17]
[945, 800, 533];[-8.54, 18.11, 64.4]
[303, 748, 833];[36.0, 52.01, 69.14]
[782, 957, 454];[31.01, 80.34, 16.47]
[172, 84, 220];[61.21, 1.06, 47.7]
[403, 463, 163];[55.71, 61.21, 77.74]
[207, 945, 860];[16.24, 21.48, 45.6]
[331, 554, 771];[64.56, 69.5, 94.01]
[28, 471, 215];[32.8, 24.4, 49.57]
[947, 780, 295];[79.18, 82.93, 58.0]
[773, 826, 83];[47.11, 29.51, 47.85]
[213, 929, 9];[43.32, 44.04, 49.35]
[89, 569, 447];[12.68, 42.57, 56.49]
[99, 19, 66];[31.95, 74.92, 48.83]
[841, 276, 437];[90.8, 32.73, 56.08]
[238, 921, 923];[13.27, 71.66, 13.08]
[894, 867, 843];[61.0, 52.59, 71.04]
[303, 931, 766];[30.27, 71.11, 59.7]
[201, 777, 402];[52.69, 16.21, 24.28]
[219, 471, 412];[22.52, 14.63, 71.31]
[21, 923, 883];[97.72, 9.85, 66.2]
[870, 301, 793];[69.88, 68.58, 29.73]
[789, 251, 313];[74.33, 69.43, 67.47]
[553, 291, 301];[54.33, 58.1, 70.45]
[286, 351, 563];[23.53, 90.39, 82.04]
[11, 413, 768];[145.43, 53.54, 7.34]
[252, 834, 711];[87.14, 89.33, 23.7]
[566, 878, 369];[31.11, 60.58, 60.92]
[787, 37, 561];[88.14, 69.22, 65.37]
[392, 124, 865];[61.91, 66.39, 58.91]
[834, 18, 172];[80.21, 54.26, 69.26]
[286, 359, 84];[11.9, 50.77, 30.36]
[976, 840, 922];[46.0, 18.0, 70.01]
[145, 917, 728];[44.52, 35.87, 70.24]
[859, 149, 870];[19.68, 108.95, 70.36]
[923, 560, 418];[11.44, 37.97, 68.55]
[869, 841, 783];[48.17, 69.44, 77.8]
[150, 872, 800];[21.52, 39.58, 69.0]
[771, 19, 254];[89.96, 69.11, 64.38]
[149, 28, 928];[102.31, 34.94, 43.91]
[159, 219, 896];[77.69, 26.0, 48.27]
[711, 304, 642];[32.92, 23.88, 29.18]
[303, 831, 920];[41.24, 59.63, 49.34]
[149, 273, 172];[104.03, 56.73, 61.26]
[951, 55, 212];[35.68, 80.62, 32.17]
[220, 124, 476];[37.23, 66.49, 59.64]
[759, 339, 135];[59.09, 6.36, 29.79]
[803, 798, 387];[41.93, 82.4, 37.18]
[138, 875, 872];[20.38, 34.88, 38.38]
[304, 796, 695];[35.22, 53.05, 45.7]
[436, 9, 372];[78.5, 60.83, 78.48]
[113, 730, 773];[102.28, 45.85, 44.41]
[942, 156, 787];[70.1, 84.1, 57.22]
[561, 335, 868];[68.77, 60.02, 42.96]
[256, 78, 295];[72.1, 48.52, 62.4]
[788, 211, 35];[34.7, 84.62, 101.31]
[20, 413, 116];[49.58, 52.2, 41.8]
[777, 146, 363];[14.27, 48.62, 115.7]
[254, 312, 868];[74.27, 72.21, 50.74]
[303, 464, 869];[53.05, 27.91, 61.57]
[150, 207, 316];[11.14, 1.28, 41.04]
[861, 777, 884];[51.29, 12.42, 65.04]
[294, 463, 135];[76.04, 53.71, 29.99]
[30, 67, 964];[37.62, 38.45, 47.18]
[358, 343, 950];[49.34, 57.61, 38.65]
[907, 922, 928];[36.68, 73.92, 45.39]
[156, 149, 213];[80.87, 107.7, 46.2]
[87, 116, 179];[22.82, 41.32, 68.74]
[778, 755, 273];[31.77, 58.67, 59.74]
[343, 342, 90];[25.89, 76.37, 53.95]
[101, 759, 556];[10.8, 67.31, 43.18]
[138, 446, 769];[22.14, 70.41, 58.22]
[754, 564, 318];[49.93, 106.04, 62.43]
[972, 445, 779];[71.15, 51.38, 46.74]
[392, 921, 768];[45.42, 80.01, 13.75]
[970, 922, 796];[14.65, 74.33, 54.8]
[883, 797, 749];[58.98, 65.69, 67.55]
[759, 109, 867];[63.98, 87.28, 19.78]
[259, 556, 158];[37.94, 58.97, 67.76]
[294, 334, 884];[77.98, 27.76, 56.81]
[566, 883, 303];[36.28, 58.09, 36.36]
[94, 763, 919];[72.64, 39.97, 67.02]
[976, 779, 795];[44.52, 42.51, 39.73]
[832, 295, 256];[49.79, 58.3, 75.15]
[87, 101, 951];[24.11, 5.16, 53.54]
[929, 776, 341];[19.16, 53.19, 40.27]
[166, 139, 463];[56.69, 62.37, 36.46]
[868, 890, 412];[60.76, 85.75, 62.14]
[131, 87, 20];[24.21, 22.51, 62.53]
[37, 896, 38];[60.26, 38.03, 54.68]
[223, 113, 66];[70.37, 96.61, 12.86]
[261, 150, 834];[74.29, 20.88, 51.97]
[569, 212, 919];[47.89, 38.01, 64.01]
[84, 791, 251];[-0.26, 36.56, 65.53]
[560, 261, 732];[38.99, 66.06, 51.82]
[559, 78, 342];[65.99, 40.89, 72.23]
[28, 563, 768];[35.17, 75.8, 11.95]
[223, 566, 752];[61.32, 38.97, 65.09]
[374, 793, 798];[70.55, 40.52, 77.86]
[35, 286, 387];[90.07, 26.71, 31.27]
[461, 145, 276];[75.76, 53.95, 33.26]
[329, 84, 885];[66.97, 5.96, 48.18]
[360, 20, 412];[47.23, 69.02, 69.77]
[335, 131, 703];[60.03, 21.03, 77.51]
[642, 447, 454];[32.29, 60.85, 12.89]
[261, 826, 711];[60.91, 22.4, 48.28]
[803, 469, 777];[47.47, 19.32, 14.71]
[256, 775, 946];[79.08, 51.35, 69.78]
[459, 327, 914];[42.16, 62.37, 49.74]
[101, 9, 971];[0.61, 52.89, 62.7]
[273, 695, 341];[109.01, 55.15, 41.69]
[339, 372, 858];[8.05, 80.95, 62.5]
[865, 131, 956];[43.93, 19.95, 37.55]
[771, 448, 569];[122.19, 66.49, 44.15]
[880, 839, 418];[19.73, 27.58, 65.79]
[116, 881, 925];[38.06, 59.13, 46.07]
[928, 907, 448];[27.16, 11.0, 65.67]
[369, 215, 469];[76.18, 50.61, 16.17]
[27, 876, 149];[29.1, 65.14, 90.01]
[780, 472, 327];[107.52, 109.37, 61.4]
[841, 244, 66];[60.53, 66.35, 13.92]
[748, 359, 431];[102.55, 28.9, 48.44]
[259, 402, 914];[51.86, 26.0, 47.95]
[359, 374, 570];[36.4, 68.79, 39.54]
[889, 842, 159];[60.46, 46.5, 79.31]
[392, 803, 286];[44.17, 43.78, 26.66]
[923, 101, 29];[12.04, 21.56, 22.83]
[765, 732, 553];[65.2, 52.92, 45.45]
[446, 604, 362];[70.96, 4.25, 59.64]
[338, 35, 2];[23.74, 84.71, 63.83]
[799, 215, 358];[67.01, 51.52, 49.86]
[923, 125, 147];[12.36, 60.06, 33.86]
[833, 563, 958];[73.06, 78.85, 49.8]
[360, 795, 252];[52.35, 42.13, 62.35]
[870, 834, 55];[73.93, 69.29, 67.13]
[786, 413, 556];[38.11, 40.16, 35.77]
[995, 842, 425];[44.7, 30.54, 70.99]
[179, 884, 38];[58.1, 58.35, 57.84]
[957, 860, 337];[82.99, 46.76, 66.3]
[445, 135, 946];[51.85, 25.86, 85.44]
[27, 602, 91];[35.34, 52.58, 72.24]
[18, 329, 359];[53.02, 74.6, 42.89]
[730, 705, 762];[39.02, 59.05, 92.21]
[304, 833, 427];[19.38, 75.01, 63.21]
[749, 861, 425];[76.8, 33.6, 66.73]
[835, 754, 867];[73.32, 33.21, 54.98]
[445, 351, 145];[55.65, 78.09, 55.69]
[387, 37, 918];[40.31, 73.14, 40.12]
[728, 801, 402];[79.2, 25.23, 11.31]
[603, 341, 90];[66.57, 43.07, 51.65]
[867, 374, 109];[59.92, 92.12, 85.03]
[11, 146, 99];[97.75, 64.55, 25.68]
[240, 17, 832];[55.52, 67.99, 49.96]
[922, 412, 711];[70.61, 68.36, 8.96]
[100, 778, 128];[12.6, 30.83, 79.34]
[145, 65, 402];[46.08, 47.42, 24.8]
[798, 125, 769];[74.2, 55.72, 55.71]
[30, 878, 748];[29.01, 56.76, 54.34]
[47, 792, 255];[67.86, 63.01, 51.94]
[163, 832, 36];[66.7, 50.92, 51.3]
[160, 603, 436];[69.43, 62.9, 69.07]
[362, 418, 949];[59.87, 72.82, 45.58]
[29, 20, 77];[23.64, 62.31, 78.42]
[833, 8, 320];[77.47, 73.84, 61.01]
[240, 880, 338];[58.83, 20.67, 29.74]
[343, 604, 826];[56.71, 5.67, 16.43]
[9, 865, 569];[52.6, 61.61, 46.08]
[73, 885, 23];[79.65, 51.83, 53.45]
[387, 885, 561];[37.6, 46.06, 67.94]
[223, 642, 727];[58.11, 28.28, 96.28]
[907, 165, 286];[30.18, 66.51, 14.87]
[832, 139, 40];[53.52, 68.82, 68.33]
[556, 21, 320];[37.32, 76.06, 69.42]
[892, 223, 971];[70.97, 54.99, 70.62]
[99, 860, 732];[25.71, 53.0, 51.36]
[839, 343, 869];[16.41, 29.93, 53.67]
[922, 802, 256];[76.5, 57.05, 76.35]
[2, 372, 958];[67.71, 63.45, 51.38]
[760, 296, 867];[38.33, 86.07, 41.42]
[995, 861, 759];[40.73, 77.05, 50.24]
[754, 777, 40];[45.25, 23.67, 102.98]
[172, 365, 955];[71.05, 15.69, 28.87]
[351, 645, 914];[68.0, 30.06, 47.95]
[215, 559, 29];[52.12, 64.96, 21.55]
[753, 47, 831];[34.81, 65.65, 68.09]
[73, 342, 956];[80.75, 72.82, 68.89]
[254, 201, 766];[64.31, 58.07, 55.67]
[563, 38, 917];[75.94, 51.84, 32.09]
[301, 116, 871];[64.95, 41.15, 24.7]
[762, 296, 976];[75.76, 72.48, 41.68]
[426, 156, 703];[16.56, 79.07, 65.41]
[23, 928, 35];[56.19, 46.99, 87.57]
[703, 116, 795];[65.47, 40.81, 39.17]
[839, 213, 918];[26.07, 43.61, 29.53]
[604, 566, 892];[6.23, 29.55, 77.24]
[60, 950, 866];[30.15, 38.3, 65.69]
[777, 759, 870];[15.16, 55.56, 82.92]
[793, 795, 874];[41.27, 38.39, 44.77]
[878, 18, 442];[67.57, 50.35, 31.87]
[73, 472, 866];[67.42, 76.39, 32.96]
[78, 842, 833];[47.59, 29.99, 80.58]
[703, 773, 801];[74.9, 53.15, 20.74]
[65, 106, 312];[36.92, 65.0, 79.46]
[139, 30, 795];[76.79, 18.76, 43.15]
[32, 363, 695];[87.65, 78.56, 48.72]
[251, 118, 972];[69.97, 31.51, 85.03]
[643, 876, 105];[48.6, 73.08, 78.96]
[475, 303, 972];[15.59, 47.98, 73.55]
[755, 156, 945];[63.31, 56.95, 8.36]
[448, 58, 570];[63.74, 76.43, 47.95]
[365, 835, 34];[41.27, 70.11, 85.48]
[826, 762, 179];[15.27, 70.63, 51.39]
[754, 875, 312];[39.97, 38.0, 61.41]
[801, 872, 145];[32.35, 39.93, 44.73]
[893, 53, 110];[74.62, 30.83, 67.31]
[53, 602, 931];[31.21, 50.72, 71.47]
[363, 776, 732];[69.9, 52.06, 52.66]
[780, 8, 46];[82.76, 78.43, 43.22]
[861, 179, 752];[40.61, 67.48, 62.26]
[907, 392, 775];[41.39, 48.38, 47.66]
[113, 802, 896];[79.28, 69.36, 51.13]
[873, 331, 874];[60.27, 63.92, 55.8]
[362, 560, 728];[69.46, 46.9, 75.55]
[163, 342, 917];[70.91, 69.83, 30.33]
[223, 883, 156];[65.48, 67.11, 84.25]
[881, 396, 7];[70.35, 52.38, 51.28]
[36, 78, 216];[56.04, 42.1, 52.15]
[871, 929, 882];[17.01, 31.17, 40.94]
[727, 387, 965];[92.91, 34.68, 60.21]
[841, 292, 128];[62.65, 15.64, 94.79]
[752, 786, 469];[65.01, 62.38, 17.28]
[945, 8, 793];[26.13, 71.44, 37.19]
[762, 46, 755];[75.33, 34.34, 61.35]
[6, 426, 950];[94.96, 29.73, 52.69]
[447, 320, 425];[55.26, 64.12, 68.63]
[212, 920, 337];[40.44, 46.75, 57.63]
[475, 29, 38];[21.42, 28.58, 69.21]
[781, 156, 6];[47.63, 66.87, 99.33]
[131, 779, 342];[28.31, 48.36, 79.97]
[469, 334, 403];[13.84, 48.41, 54.34]
[145, 776, 874];[57.25, 52.14, 48.38]
[870, 23, 8];[66.9, 58.64, 68.97]
[752, 782, 884];[60.01, 29.99, 60.64]
[303, 17, 475];[36.4, 67.79, 19.83]
[799, 207, 106];[74.66, 16.29, 46.47]
[454, 7, 759];[16.33, 49.63, 54.46]
[748, 60, 907];[53.7, 31.36, 32.97]
[37, 58, 875];[75.55, 78.38, 40.06]
[291, 351, 788];[63.57, 66.68, 36.77]
[294, 732, 805];[79.47, 53.17, 30.66]
[843, 798, 274];[64.36, 69.04, 59.17]
[179, 212, 872];[58.97, 40.08, 42.32]
[471, 163, 875];[18.0, 84.46, 38.26]
[116, 925, 891];[44.36, 71.91, 82.29]
[158, 94, 447];[70.39, 76.77, 60.66]
[875, 922, 421];[44.62, 79.33, 22.3]
[77, 28, 312];[80.7, 40.35, 71.85]
[21, 418, 339];[70.69, 74.53, 12.17]
[922, 320, 358];[75.78, 59.01, 50.12]
[286, 891, 125];[13.19, 76.77, 57.83]
[212, 11, 603];[39.06, 100.21, 60.94]
[762, 965, 29];[83.8, 54.88, 24.64]
[362, 67, 874];[54.34, 40.76, 44.7]
[359, 922, 920];[50.22, 71.15, 47.36]
[58, 396, 603];[57.63, 47.1, 61.58]
[946, 950, 334];[78.88, 45.25, 32.61]
[870, 921, 37];[74.37, 65.92, 66.24]
[765, 99, 893];[68.2, 41.05, 67.98]
[604, 166, 90];[0.73, 43.79, 48.69]
[461, 160, 921];[90.45, 72.84, 67.13]
[140, 976, 99];[18.95, 40.58, 40.32]
[28, 448, 645];[18.7, 62.04, 38.24]
[843, 779, 917];[60.01, 40.01, 36.0]
[570, 146, 165];[35.12, 51.98, 56.38]
[73, 789, 768];[82.74, 77.07, 11.55]
[768, 842, 216];[11.92, 45.49, 46.07]
[842, 240, 559];[45.3, 59.81, 64.61]
[106, 859, 867];[47.41, 18.21, 41.01]
[100, 343, 792];[12.7, 55.76, 64.36]
[67, 291, 295];[39.11, 65.15, 58.09]
[883, 907, 921];[71.62, 35.36, 73.23]
[403, 800, 882];[55.02, 70.62, 39.75]
[213, 775, 421];[44.93, 45.42, 24.16]
[965, 995, 405];[57.22, 62.66, 57.39]
[475, 296, 801];[21.14, 79.07, 20.77]
[396, 947, 318];[45.55, 88.12, 70.16]
[951, 645, 131];[49.56, 23.46, 27.11]
[83, 327, 841];[33.29, 74.09, 64.98]
[145, 240, 881];[82.46, 54.97, 58.63]
[106, 760, 11];[56.97, 13.93, 84.71]
[783, 296, 48];[72.17, 65.25, 78.55]
[920, 65, 244];[55.94, 38.2, 50.62]
[124, 146, 163];[70.4, 64.5, 76.64]
[949, 435, 826];[51.12, 43.37, -0.8]
[551, 843, 251];[115.35, 56.3, 95.68]
[343, 392, 875];[45.9, 68.76, 75.76]
[564, 533, 560];[115.87, 95.26, 57.55]
[791, 836, 403];[68.46, 73.93, 70.63]
[17, 94, 947];[13.47, 46.39, 110.26]
[976, 861, 891];[-7.87, 47.66, 87.08]
[252, 794, 885];[65.69, 82.76, -15.36]
[703, 145, 459];[87.65, 74.75, 49.68]
[53, 950, 554];[30.0, 37.87, 68.04]
[146, 727, 928];[52.0, 80.54, 44.01]
[341, 867, 762];[43.87, 41.26, 71.58]
[312, 839, 778];[62.23, 26.19, 34.08]
[402, 227, 358];[25.51, 66.15, 49.46]
[567, 560, 732];[72.31, 38.76, 53.75]
[947, 6, 261];[81.85, 101.56, 67.2]
[956, 472, 885];[59.27, 72.45, 56.55]
[213, 781, 842];[45.33, 35.72, 48.08]
[274, 138, 292];[55.53, 23.88, 12.92]
[426, 564, 65];[16.24, 95.16, 55.48]
[146, 781, 918];[54.0, 38.6, 28.68]
[964, 769, 569];[49.56, 63.11, 35.51]
[18, 301, 405];[55.58, 65.35, 57.47]
[318, 754, 890];[63.11, 36.83, 52.81]
[920, 922, 73];[51.64, 76.48, 79.53]
[787, 116, 920];[59.91, 34.7, 51.31]
[313, 253, 870];[63.54, 56.43, 75.13]
[240, 958, 165];[53.09, 43.63, 64.19]
[213, 931, 255];[42.85, 59.18, 52.42]
[421, 6, 159];[27.68, 72.15, 68.6]
[320, 958, 142];[62.66, 48.18, 19.23]
[28, 338, 727];[42.42, 25.82, 85.64]
[826, 360, 396];[18.78, 58.72, 53.71]
[104, 976, 464];[46.15, 31.0, 36.83]
[834, 32, 105];[69.55, 76.93, 63.58]
[970, 787, 644];[14.35, 55.15, 63.9]
[276, 165, 752];[34.87, 54.67, 74.78]
[893, 877, 259];[70.15, 44.92, 35.1]
[567, 329, 18];[67.6, 85.34, 54.03]
[917, 831, 358];[36.0, 69.19, 47.87]
[942, 220, 94];[52.67, 47.73, 78.99]
[402, 947, 88];[25.21, 77.58, 1.36]
[914, 917, 113];[70.52, 35.3, 84.1]
[602, 925, 798];[49.74, 66.25, 78.38]
[861, 358, 776];[75.85, 49.65, 59.35]
[140, 163, 58];[23.4, 68.05, 86.4]
[254, 156, 249];[60.39, 86.33, 56.72]
[777, 749, 101];[15.73, 69.42, 8.57]
[469, 405, 865];[24.76, 54.18, 56.07]
[179, 762, 826];[68.45, 76.73, 26.6]
[55, 396, 792];[63.05, 53.55, 64.2]
[259, 749, 304];[52.18, 62.39, 39.94]
[255, 178, 215];[53.83, 58.63, 51.38]
[861, 950, 925];[66.52, 39.11, 60.11]
[387, 771, 88];[36.92, 95.32, -1.72]
[769, 392, 922];[59.24, 42.51, 73.19]
[48, 860, 66];[61.28, 57.7, 36.63]
[760, 329, 795];[35.27, 69.73, 39.74]
[733, 833, 730];[74.62, 76.8, 44.17]
[800, 805, 645];[67.31, 29.89, 34.06]
[421, 351, 839];[25.39, 70.84, 13.46]
[472, 463, 559];[77.83, 57.76, 62.31]
[286, 342, 730];[20.9, 73.07, 40.85]
[94, 833, 318];[104.27, 75.99, 97.49]
[165, 925, 947];[80.19, 65.6, 84.72]
[216, 362, 705];[53.67, 58.42, 56.28]
[567, 885, 751];[66.6, 52.45, 62.89]
[128, 464, 762];[99.23, 43.53, 87.56]
[146, 53, 227];[58.63, 39.01, 88.55]
[166, 304, 118];[44.0, 26.0, 37.92]
[559, 303, 240];[66.19, 36.63, 55.57]
[802, 459, 865];[74.0, 45.18, 57.12]
[28, 341, 421];[32.65, 44.71, 19.64]
[150, 789, 861];[21.63, 77.61, 41.95]
[781, 109, 563];[37.48, 75.97, 74.28]
[885, 890, 274];[50.48, 53.93, 54.79]
[21, 238, 907];[84.82, 19.63, 25.61]
[567, 363, 211];[70.23, 65.38, 67.84]
[303, 286, 30];[41.36, 22.78, 29.91]
[964, 890, 948];[51.49, 51.35, 99.88]
[451, 166, 727];[24.31, 45.22, 92.06]
[995, 223, 964];[54.74, 65.48, 51.13]
[135, 46, 790];[32.41, 31.63, 15.2]
[447, 752, 797];[62.92, 67.82, 75.36]
[18, 6, 781];[57.62, 104.54, 43.14]
[758, 797, 359];[46.02, 72.51, 48.37]
[874, 831, 369];[35.03, 65.7, 43.52]
[163, 826, 553];[63.14, 15.78, 42.22]
[251, 65, 775];[45.82, 54.86, 56.49]
[312, 876, 313];[81.69, 68.88, 64.54]
[788, 802, 917];[33.23, 56.32, 21.34]
[730, 755, 338];[39.11, 61.89, 17.91]
[28, 471, 642];[49.41, 3.96, 15.04]
[791, 780, 48];[34.08, 77.11, 77.4]
[955, 840, 946];[33.14, 14.26, 93.71]
[976, 431, 472];[31.67, 52.28, 75.99]
[867, 445, 255];[20.93, 57.35, 54.41]
[871, 374, 775];[11.01, 85.9, 53.79]
[291, 150, 798];[68.31, 0.69, 66.23]
[751, 556, 711];[56.02, 35.95, 10.0]
[958, 261, 58];[42.51, 64.26, 81.39]
[425, 642, 279];[73.74, 29.61, 71.34]
[790, 436, 727];[7.13, 67.26, 81.53]
[213, 87, 274];[45.54, 23.22, 52.75]
[116, 918, 645];[41.66, 30.19, 27.93]
[335, 946, 880];[60.42, 75.09, 19.7]
[896, 956, 955];[48.63, 62.34, 43.92]
[372, 55, 923];[65.92, 59.38, 10.19]
[159, 88, 872];[83.96, 0.15, 40.28]
[787, 834, 329];[52.69, 104.87, 68.21]
[533, 142, 834];[66.57, 15.24, 94.96]
[437, 554, 124];[56.8, 75.98, 70.89]
[475, 788, 90];[15.19, 36.12, 58.93]
[179, 970, 362];[64.84, 26.67, 63.56]
[442, 554, 833];[14.75, 74.33, 70.07]
[362, 426, 135];[63.84, 17.46, 28.56]
[645, 2, 140];[26.03, 84.12, 28.66]
[87, 789, 362];[27.04, 65.39, 54.12]
[88, 925, 970];[-1.09, 62.17, 16.14]
[140, 703, 533];[30.71, 65.01, 83.54]
[949, 55, 18];[12.92, 85.72, 63.48]
[798, 766, 403];[68.19, 38.22, 37.49]
[643, 471, 921];[17.82, 6.47, 51.87]
[797, 843, 320];[69.27, 97.3, 65.25]
[105, 65, 870];[83.64, 47.41, 65.91]
[834, 461, 893];[74.42, 96.77, 70.84]
[751, 160, 252];[61.86, 93.37, 64.3]
[955, 972, 77];[34.24, 69.41, 53.88]
[101, 374, 749];[-0.33, 96.56, 45.34]
[533, 303, 732];[69.97, 36.0, 51.47]
[421, 870, 826];[19.66, 70.56, 27.83]
[472, 566, 921];[66.2, 39.75, 66.25]
[147, 871, 240];[46.59, 27.63, 55.8]
[118, 84, 145];[42.03, -1.82, 47.35]
[338, 172, 787];[26.06, 60.1, 55.44]
[773, 876, 73];[45.66, 58.97, 84.04]
[207, 951, 469];[15.04, 42.02, 26.04]
[727, 860, 84];[87.92, 45.97, 10.24]
[566, 553, 223];[40.4, 52.51, 68.95]
[329, 286, 223];[69.62, 23.52, 63.02]
[38, 135, 876];[58.88, 38.05, 58.12]
[219, 147, 23];[38.43, 44.87, 57.17]
[360, 947, 569];[56.34, 91.02, 68.8]
[87, 970, 842];[38.01, 27.09, 40.43]
[116, 957, 461];[41.61, 87.65, 84.5]
[106, 28, 774];[54.98, 42.81, 70.11]
[826, 215, 876];[25.92, 51.51, 55.5]
[442, 201, 929];[17.15, 76.15, 37.74]
[172, 261, 27];[60.05, 63.53, 55.94]
[947, 207, 884];[95.1, 19.49, 62.65]
[801, 461, 160];[58.74, 91.72, 96.52]
[255, 921, 101];[65.03, 88.45, 14.69]
[201, 142, 77];[69.07, 19.5, 80.32]
[802, 559, 454];[64.07, 60.57, 20.5]
[794, 291, 766];[132.94, 99.64, 60.97]
[948, 35, 87];[104.65, 91.66, 37.85]
[867, 835, 373];[52.76, 75.46, 49.77]
[644, 695, 211];[62.8, 39.44, 67.73]
[412, 778, 343];[88.05, 46.66, 53.32]
[533, 254, 727];[69.97, 60.02, 80.01]
[560, 786, 274];[39.3, 43.94, 52.16]
[733, 643, 235];[75.24, 33.11, 45.89]
[219, 146, 140];[26.35, 52.56, 22.08]
[38, 23, 860];[52.29, 57.2, 45.83]
[165, 215, 866];[58.76, 51.79, 71.75]
[957, 331, 327];[83.24, 62.2, 53.96]
[561, 923, 972];[73.64, 13.31, 70.21]
[78, 869, 476];[43.29, 51.08, 58.88]
[118, 895, 351];[33.29, 53.4, 77.45]
[892, 89, 769];[84.57, 13.65, 61.55]
[339, 238, 748];[20.32, 18.17, 53.84]
[435, 931, 792];[43.62, 60.6, 70.08]
[139, 58, 38];[78.3, 75.79, 56.36]
[554, 27, 773];[77.03, 42.34, 48.38]
[27, 569, 769];[41.79, 52.86, 60.82]
[30, 116, 146];[30.03, 39.74, 51.08]
[360, 792, 762];[54.37, 69.32, 88.3]
[875, 779, 841];[44.03, 45.21, 65.88]
[569, 46, 780];[46.82, 24.77, 90.55]
[951, 150, 965];[45.13, 19.65, 61.16]
[833, 425, 67];[79.47, 77.44, 62.47]
[402, 602, 778];[14.54, 53.46, 35.02]
[995, 6, 880];[58.96, 119.67, 19.33]
[448, 312, 790];[78.56, 72.66, 7.09]
[335, 254, 792];[55.65, 63.56, 76.34]
[212, 463, 798];[43.38, 54.1, 71.47]
[777, 893, 560];[15.16, 71.3, 66.38]
[427, 413, 949];[58.44, 36.81, 53.93]
[918, 920, 695];[24.98, 47.34, 44.42]
[781, 8, 166];[35.93, 80.0, 44.0]
[603, 35, 945];[65.67, 87.67, 19.1]
[955, 227, 797];[39.98, 65.33, 76.02]
[149, 459, 780];[102.88, 44.75, 81.88]
[128, 865, 868];[82.74, 57.9, 39.7]
[889, 91, 799];[60.54, 72.99, 66.99]
[570, 727, 782];[46.2, 85.34, 36.34]
[91, 789, 970];[64.38, 68.64, 21.37]
[929, 100, 240];[31.34, 15.05, 55.54]
[826, 179, 931];[10.2, 58.4, 54.06]
[760, 7, 446];[39.72, 49.55, 45.37]
[644, 274, 951];[67.88, 57.56, 33.0]
[29, 859, 337];[25.92, 4.35, 66.11]
[17, 560, 826];[53.98, 53.54, 10.58]
[19, 160, 251];[64.3, 77.91, 52.4]
[73, 358, 971];[62.5, 54.67, 84.81]
[125, 570, 7];[63.07, 54.46, 47.21]
[296, 249, 331];[83.74, 57.78, 48.21]
[313, 249, 976];[69.08, 58.23, 32.75]
[312, 447, 560];[74.1, 66.07, 53.46]
[396, 329, 570];[56.85, 74.68, 53.07]
[359, 891, 343];[43.19, 78.66, 59.9]
[945, 919, 727];[10.83, 67.0, 100.16]
[35, 179, 919];[78.67, 56.55, 66.88]
[875, 215, 118];[54.33, 55.39, 24.25]
[213, 875, 956];[47.93, 56.44, 69.07]
[58, 569, 644];[74.41, 42.72, 72.71]
[803, 109, 841];[51.66, 88.66, 81.79]
[252, 771, 427];[95.48, 144.12, 65.19]
[396, 58, 765];[58.42, 65.62, 97.01]
[781, 392, 240];[35.93, 43.97, 55.52]
[338, 800, 26];[26.07, 69.8, 10.37]
[20, 363, 695];[66.15, 65.87, 43.09]
[427, 362, 396];[51.61, 59.46, 49.32]
[463, 179, 8];[54.45, 64.82, 74.76]
[871, 970, 276];[19.61, 23.6, 35.51]
[116, 312, 147];[41.03, 64.31, 38.5]
[249, 832, 765];[52.05, 52.31, 72.33]
[446, 950, 802];[66.1, 40.05, 66.11]
[893, 705, 29];[72.63, 67.54, 25.78]
[769, 387, 90];[60.06, 35.59, 53.34]
[91, 645, 877];[68.72, 43.58, 45.39]
[396, 73, 109];[57.28, 70.61, 75.39]
[426, 783, 427];[17.02, 77.92, 60.66]
[334, 172, 212];[36.95, 63.13, 40.0]
[870, 956, 880];[72.26, 45.8, 20.8]
[172, 882, 748];[62.13, 41.58, 64.09]
[254, 156, 158];[66.33, 79.11, 61.52]
[23, 559, 464];[54.52, 62.64, 38.34]
[553, 794, 883];[47.25, 124.49, 62.84]
[923, 83, 201];[10.01, 60.52, 72.33]
[569, 929, 47];[56.13, 30.79, 75.25]
[869, 249, 925];[59.45, 54.74, 70.67]
[87, 929, 89];[33.79, 30.97, 12.37]
[211, 421, 329];[83.03, 15.55, 82.03]
[40, 256, 459];[83.21, 76.87, 51.12]
[256, 577, 421];[76.95, 76.58, 13.9]
[884, 104, 873];[55.3, 54.05, 77.97]
[802, 780, 53];[55.06, 104.55, 53.49]
[896, 427, 564];[44.07, 62.57, 97.72]
[951, 372, 201];[40.03, 65.4, 58.9]
[891, 436, 29];[72.36, 65.81, 22.05]
[273, 773, 360];[57.99, 44.05, 48.04]
[643, 533, 26];[32.44, 70.61, 12.17]
[920, 90, 256];[51.02, 53.31, 74.95]
[160, 28, 783];[69.68, 32.85, 78.27]
[84, 160, 860];[-6.68, 70.59, 43.93]
[564, 295, 159];[97.27, 58.99, 81.46]
[339, 427, 775];[12.49, 52.92, 46.95]
[711, 138, 387];[11.06, 20.47, 29.68]
[875, 732, 884];[43.93, 49.85, 57.98]
[11, 207, 276];[106.89, 14.06, 30.99]
[362, 165, 918];[52.47, 49.1, 25.98]
[131, 163, 907];[32.69, 58.49, 35.22]
[777, 58, 757];[16.78, 99.56, 27.24]
[801, 53, 28];[22.42, 29.64, 27.49]
[867, 758, 372];[33.21, 36.82, 68.29]
[363, 762, 2];[60.27, 70.64, 69.58]
[645, 728, 711];[32.68, 64.33, 18.05]
[841, 799, 128];[66.37, 81.51, 81.31]
[976, 763, 925];[39.52, 51.55, 55.73]
[787, 928, 751];[46.89, 30.28, 50.92]
[839, 553, 125];[14.24, 39.07, 43.98]
[334, 949, 861];[33.93, 31.54, 62.79]
[464, 369, 100];[40.68, 59.08, 10.68]
[240, 118, 869];[56.46, 27.05, 39.99]
[759, 569, 554];[66.49, 39.39, 55.41]
[166, 9, 917];[48.23, 61.64, 24.52]
[36, 159, 971];[34.65, 76.48, 62.25]
[876, 711, 89];[61.5, 10.78, 7.97]
[786, 34, 38];[43.91, 93.93, 50.0]
[790, 799, 972];[7.62, 74.58, 64.13]
[577, 147, 971];[42.03, 42.11, 73.79]
[201, 569, 372];[57.75, 47.44, 66.54]
[165, 431, 796];[65.12, 38.16, 64.55]
[976, 728, 553];[41.53, 70.26, 45.27]
[896, 843, 38];[43.91, 63.24, 52.0]
[834, 238, 882];[78.86, 18.91, 40.54]
[869, 254, 435];[47.54, 61.99, 34.75]
[553, 212, 917];[44.38, 37.38, 28.93]
[58, 301, 256];[77.25, 60.45, 76.01]
[9, 67, 219];[55.48, 36.92, 21.93]
[235, 965, 435];[48.9, 60.32, 38.38]
[566, 896, 77];[37.46, 41.0, 80.61]
[792, 329, 100];[56.81, 86.53, 9.72]
[138, 244, 865];[17.55, 39.76, 54.49]
[104, 46, 563];[47.7, 26.47, 85.35]
[34, 971, 160];[87.63, 71.65, 73.36]
[877, 159, 316];[29.27, 81.48, 62.18]
[331, 212, 957];[54.5, 23.46, 88.51]
[799, 343, 644];[75.32, 58.15, 60.9]
[113, 798, 868];[111.4, 57.62, 37.61]
[871, 21, 602];[11.78, 68.07, 46.49]
[766, 877, 431];[58.22, 38.26, 62.67]
[826, 261, 178];[-5.98, 57.24, 45.36]
[238, 865, 178];[2.53, 54.25, 40.74]
[948, 83, 213];[122.6, 71.73, 31.23]
[342, 47, 748];[66.18, 70.03, 55.45]
[338, 23, 867];[18.12, 52.69, 79.45]
[244, 256, 343];[36.09, 76.38, 54.45]
[140, 9, 135];[21.99, 52.0, 29.99]
[94, 763, 748];[78.43, 59.75, 52.44]
[892, 842, 124];[85.9, 47.47, 64.8]
[166, 118, 135];[44.25, 33.61, 30.37]
[885, 921, 28];[52.95, 68.59, 33.29]
[101, 47, 165];[9.48, 66.67, 59.24]
[768, 859, 727];[11.12, 17.78, 90.77]
[211, 461, 442];[69.19, 75.93, 21.22]
[917, 866, 732];[34.0, 71.46, 50.83]
[469, 40, 949];[24.66, 88.48, 75.25]
[91, 859, 801];[78.85, 12.94, 26.22]
[802, 11, 78];[67.58, 120.67, 45.44]
[426, 964, 223];[20.97, 49.8, 64.27]
[643, 948, 749];[29.97, 111.81, 67.5]
[316, 643, 995];[44.75, 28.27, 42.56]
[471, 859, 728];[-2.83, 12.38, 69.53]
[896, 73, 884];[39.2, 71.98, 62.89]
[836, 99, 359];[64.62, 13.41, 46.65]
[77, 957, 566];[65.04, 82.06, 34.89]
[834, 84, 91];[65.12, 16.95, 68.73]
[876, 564, 843];[56.81, 59.09, 81.44]
[219, 867, 920];[14.68, 43.72, 43.61]
[158, 227, 342];[103.88, 84.6, 71.39]
[156, 369, 147];[88.33, 48.74, 42.51]
[889, 835, 17];[76.1, 60.43, 56.29]
[339, 781, 826];[-7.93, 42.43, 14.87]
[77, 834, 790];[66.26, 83.9, -8.04]
[337, 551, 249];[64.07, 76.01, 61.07]
[790, 442, 446];[-10.16, 34.81, 39.48]
[65, 869, 840];[37.95, 54.07, 20.65]
[995, 373, 363];[50.02, 45.94, 68.0]
[883, 301, 475];[72.0, 66.9, 24.66]
[34, 776, 251];[91.6, 63.01, 64.04]
[826, 790, 105];[19.85, 5.7, 64.65]
[749, 759, 892];[66.79, 54.37, 82.66]
[461, 342, 570];[91.67, 72.89, 31.59]
[802, 771, 695];[69.1, 95.92, 32.65]
[919, 643, 58];[65.79, 32.55, 84.52]
[445, 254, 360];[59.08, 59.96, 56.42]
[238, 163, 110];[27.42, 70.65, 75.06]
[88, 179, 945];[8.64, 65.33, 27.22]
[533, 705, 110];[58.81, 64.69, 72.61]
[796, 20, 172];[58.68, 57.31, 56.03]
[78, 20, 8];[35.99, 55.62, 76.49]
[304, 727, 451];[37.72, 86.64, 18.47]
[880, 178, 758];[21.95, 60.0, 45.5]
[459, 359, 765];[61.72, 42.33, 65.66]
[860, 923, 335];[39.11, 2.42, 59.81]
[894, 426, 65];[48.26, 22.38, 46.65]
[21, 642, 759];[82.02, 16.36, 50.59]
[925, 104, 776];[63.7, 40.64, 72.89]
[22, 753, 976];[68.15, 45.55, 25.24]
[970, 9, 301];[10.91, 60.39, 45.7]
[30, 869, 870];[11.18, 58.55, 73.69]
[396, 244, 873];[65.51, 38.71, 59.96]
[922, 760, 800];[77.05, 42.6, 27.85]
[896, 840, 23];[43.62, 14.42, 50.64]
[925, 892, 360];[63.72, 74.84, 56.62]
[29, 836, 421];[20.84, 41.42, 14.36]
[920, 777, 792];[31.92, 10.39, 73.6]
[36, 215, 160];[58.0, 51.86, 66.0]
[917, 754, 421];[35.9, 39.86, 19.5]
[859, 331, 826];[19.81, 65.19, 27.73]
[951, 58, 2];[40.6, 81.51, 71.5]
[758, 90, 839];[42.85, 54.11, 19.67]
[781, 472, 918];[37.39, 68.88, 29.03]
[560, 447, 878];[41.41, 58.27, 57.22]
[30, 158, 22];[35.11, 62.28, 68.02]
[425, 919, 254];[72.75, 65.98, 67.6]
[292, 418, 566];[13.01, 72.15, 37.25]
[781, 334, 256];[38.62, 39.62, 72.97]
[703, 956, 26];[68.92, 69.75, 13.22]
[883, 918, 58];[68.43, 30.03, 72.22]
[29, 787, 372];[31.0, 68.02, 71.58]
[426, 48, 763];[14.17, 62.85, 53.36]
[972, 442, 437];[69.32, 21.79, 52.85]
[972, 753, 757];[59.62, 35.65, 27.49]
[448, 396, 159];[69.14, 43.35, 83.89]
[139, 87, 304];[67.02, 14.88, 48.76]
[445, 46, 83];[59.37, 17.02, 63.06]
[223, 316, 860];[73.0, 46.91, 52.75]
[748, 48, 780];[64.75, 57.63, 74.5]
[374, 758, 554];[95.18, 37.3, 68.31]
[219, 711, 88];[20.68, 21.23, -1.78]
[748, 139, 32];[63.03, 68.48, 113.55]
[475, 396, 18];[1.97, 38.65, 57.61]
[445, 843, 920];[58.3, 69.49, 44.52]
[801, 567, 362];[20.52, 69.66, 59.26]
[445, 244, 106];[58.36, 42.24, 46.03]
[644, 318, 645];[53.87, 85.32, 27.67]
[873, 602, 55];[56.33, 49.97, 57.9]
[212, 950, 77];[37.6, 37.54, 77.21]
[566, 914, 425];[39.86, 48.3, 73.96]
[464, 451, 757];[53.29, 19.5, 28.46]
[78, 760, 73];[40.69, 24.82, 87.95]
[329, 461, 914];[65.9, 74.19, 49.31]
[261, 564, 945];[65.52, 96.77, 21.44]
[158, 396, 372];[64.08, 49.86, 74.12]
[53, 774, 261];[31.27, 63.66, 64.28]
[835, 948, 553];[75.67, 89.76, 62.22]
[37, 803, 124];[67.0, 39.86, 77.37]
[907, 276, 577];[50.33, 32.45, 35.33]
[801, 436, 65];[19.32, 68.91, 44.94]
[163, 21, 950];[81.11, 95.88, 48.95]
[249, 172, 335];[50.74, 57.85, 63.31]
[327, 83, 38];[58.67, 40.15, 53.1]
[337, 876, 755];[60.01, 49.32, 81.32]
[972, 220, 118];[73.59, 31.82, 21.38]
[133, 172, 577];[15.64, 59.61, 45.4]
[223, 304, 138];[86.38, 18.95, 24.63]
[105, 140, 471];[72.15, 14.78, 24.3]
[216, 893, 19];[58.73, 68.54, 55.62]
[955, 9, 101];[35.4, 39.42, 11.14]
[2, 836, 949];[55.64, 71.15, 103.99]
[21, 159, 78];[82.22, 69.61, 55.7]
[255, 843, 695];[57.25, 72.28, 30.61]
[66, 885, 286];[17.97, 35.27, 33.71]
[448, 48, 917];[76.49, 80.72, 14.37]
[369, 874, 836];[67.79, 66.93, 74.88]
[67, 372, 695];[45.66, 75.94, 27.97]
[561, 99, 563];[74.0, 34.0, 76.0]
[861, 8, 276];[43.41, 79.85, 33.4]
[109, 6, 475];[74.6, 99.66, 19.55]
[213, 105, 99];[45.42, 65.94, 32.91]
[878, 110, 759];[56.91, 68.5, 55.41]
[343, 603, 256];[58.75, 65.33, 73.23]
[342, 212, 754];[69.27, 37.64, 39.27]
[36, 880, 259];[56.74, 24.72, 51.08]
[373, 351, 972];[41.48, 70.34, 65.06]
[292, 870, 890];[11.63, 71.24, 56.04]
[757, 65, 976];[27.21, 51.24, 42.21]
[454, 753, 238];[10.73, 38.41, 18.16]
[569, 254, 28];[53.24, 75.03, 44.16]
[560, 603, 705];[30.06, 61.5, 64.36]
[907, 335, 751];[44.89, 56.15, 68.6]
[834, 256, 279];[87.62, 64.32, 81.1]
[570, 782, 561];[45.31, 46.95, 70.89]
[7, 207, 957];[48.81, 11.87, 84.16]
[90, 295, 878];[53.8, 57.6, 56.79]
[358, 881, 907];[60.54, 66.71, 41.87]
[256, 165, 213];[71.3, 82.41, 36.82]
[341, 890, 358];[42.42, 72.68, 56.81]
[38, 839, 418];[63.89, 12.64, 69.85]
[896, 363, 781];[45.59, 71.19, 37.8]
[8, 359, 447];[76.36, 60.68, 75.38]
[874, 948, 83];[41.49, 112.21, 74.01]
[88, 316, 67];[4.92, 46.38, 30.37]
[65, 892, 238];[41.67, 93.46, 3.91]
[53, 976, 870];[61.73, 35.98, 63.16]
[219, 875, 786];[8.17, 32.26, 64.54]
[564, 645, 339];[90.01, 30.06, 12.01]
[883, 88, 956];[71.35, 0.61, 59.89]
[261, 60, 133];[65.58, 30.92, 11.19]
[556, 36, 139];[47.42, 43.52, 66.62]
[238, 412, 369];[22.3, 70.37, 62.51]
[405, 942, 644];[58.34, 56.22, 65.26]
[461, 437, 923];[71.72, 53.36, 11.43]
[34, 645, 790];[89.26, 29.42, 5.64]
[803, 786, 476];[41.35, 39.62, 62.33]
[732, 869, 703];[50.73, 49.64, 63.59]
[893, 965, 762];[71.64, 54.11, 83.26]
[896, 358, 223];[50.74, 51.43, 59.32]
[880, 2, 920];[17.92, 56.74, 51.07]
[796, 476, 36];[56.93, 52.88, 39.26]
[995, 303, 21];[51.18, 39.56, 75.42]
[781, 995, 435];[42.27, 45.04, 30.44]
[802, 602, 35];[54.93, 51.51, 89.52]
[789, 334, 929];[74.84, 38.68, 21.34]
[566, 946, 964];[40.45, 81.53, 58.5]
[329, 55, 790];[74.4, 87.71, 12.13]
[273, 945, 882];[52.99, -0.13, 40.68]
[372, 139, 840];[73.94, 71.34, 15.75]
[476, 533, 343];[57.02, 68.91, 51.58]
[253, 787, 834];[61.05, 46.89, 63.38]
[826, 110, 564];[6.91, 75.42, 72.57]
[32, 156, 965];[66.97, 78.33, 35.66]
[892, 17, 577];[68.95, 44.99, 51.28]
[873, 976, 100];[59.02, 19.36, 13.22]
[320, 749, 55];[70.97, 68.05, 84.57]
[748, 705, 116];[36.82, 71.23, 38.45]
[893, 26, 292];[74.0, 12.03, 14.01]
[88, 564, 67];[1.92, 90.62, 38.34]
[783, 249, 403];[76.33, 51.17, 53.95]
[23, 201, 884];[51.38, 56.76, 60.03]
[426, 533, 970];[17.39, 70.83, 30.33]
[790, 890, 868];[5.34, 56.11, 42.59]
[796, 782, 786];[69.96, 35.55, 45.87]
[958, 67, 793];[46.42, 39.98, 36.59]
[128, 295, 577];[85.63, 58.7, 46.66]
[949, 859, 21];[51.8, 18.45, 85.4]
[922, 859, 223];[77.16, 13.89, 57.88]
[7, 215, 890];[56.06, 53.07, 53.23]
[435, 110, 133];[39.54, 76.54, 9.21]
[11, 791, 116];[104.2, 45.28, 38.38]
[359, 797, 34];[46.06, 69.82, 85.0]
[951, 793, 972];[36.09, 38.34, 75.65]
[771, 131, 949];[97.46, 38.09, 54.45]
[733, 773, 259];[65.35, 48.67, 41.59]
[894, 128, 796];[43.45, 90.26, 54.32]
[89, 295, 425];[6.28, 61.0, 71.68]
[219, 235, 156];[22.61, 48.24, 83.87]
[918, 78, 135];[28.54, 47.71, 24.44]
[140, 923, 778];[24.86, 15.78, 31.36]
[212, 448, 146];[40.45, 65.78, 53.08]
[755, 955, 925];[60.16, 39.54, 74.07]
[396, 826, 949];[50.54, 14.44, 65.6]
[976, 472, 279];[42.66, 71.13, 76.33]
[21, 254, 35];[62.01, 60.23, 90.05]
[945, 884, 556];[9.88, 53.6, 37.79]
[841, 471, 118];[51.99, 19.45, -10.78]
[889, 554, 728];[60.02, 68.04, 70.01]
[23, 783, 964];[52.09, 78.65, 47.0]
[895, 751, 124];[50.37, 57.53, 64.51]
[412, 765, 644];[65.74, 66.92, 65.81]
[160, 645, 865];[69.13, 28.97, 54.35]
[946, 762, 797];[72.02, 71.95, 80.36]
[644, 874, 533];[64.95, 49.42, 73.55]
[365, 870, 797];[33.48, 70.49, 75.89]
[604, 559, 11];[3.59, 64.66, 93.19]
[94, 20, 754];[80.07, 58.79, 39.93]
[554, 99, 65];[69.15, 29.88, 45.74]
[771, 2, 150];[93.16, 72.59, 18.69]
[781, 396, 728];[39.97, 50.7, 64.07]
[405, 947, 17];[43.0, 72.86, 62.1]
[223, 645, 343];[49.94, 13.64, 57.86]
[778, 23, 373];[40.67, 59.02, 49.01]
[30, 533, 865];[32.48, 68.37, 46.39]
[776, 929, 463];[42.81, 36.74, 35.91]
[958, 471, 753];[38.0, 15.4, 33.69]
[135, 178, 363];[16.68, 48.03, 60.64]
[919, 369, 84];[50.74, 53.2, 7.99]
[839, 276, 791];[3.07, 36.61, 37.79]
[920, 338, 768];[48.47, 26.09, 3.73]
[871, 931, 892];[21.98, 70.38, 86.26]
[835, 749, 20];[72.54, 55.69, 62.73]
[55, 145, 413];[68.4, 56.02, 46.73]
[37, 464, 274];[89.57, 64.54, 56.63]
[836, 859, 446];[47.12, 3.51, 61.15]
[871, 227, 840];[10.59, 87.4, 20.13]
[131, 362, 644];[29.26, 52.03, 61.54]
[179, 249, 145];[70.0, 51.85, 43.99]
[158, 763, 891];[55.13, 58.66, 72.34]
[28, 133, 77];[31.48, 11.69, 76.92]
[800, 917, 836];[68.15, 34.89, 52.5]
[140, 9, 602];[21.52, 50.66, 51.6]
[142, 124, 335];[19.87, 64.81, 62.04]
[759, 38, 920];[56.26, 51.8, 54.18]
[914, 836, 48];[50.0, 56.94, 66.48]
[461, 958, 156];[74.63, 44.24, 79.05]
[425, 9, 771];[71.84, 61.65, 91.92]
[207, 427, 223];[14.11, 61.22, 59.41]
[447, 754, 727];[58.78, 49.59, 88.18]
[464, 201, 425];[41.07, 71.65, 71.34]
[26, 418, 360];[11.71, 74.93, 49.06]
[569, 118, 47];[52.19, 22.41, 66.94]
[150, 603, 711];[32.34, 76.02, -4.99]
[463, 872, 274];[42.81, 38.26, 52.37]
[788, 35, 875];[56.44, 81.89, 40.44]
[8, 212, 445];[69.29, 35.89, 50.98]
[125, 286, 145];[55.86, 17.47, 43.75]
[644, 89, 342];[65.49, 19.0, 62.7]
[365, 705, 149];[31.5, 58.75, 101.21]
[249, 577, 118];[49.65, 45.9, 10.36]
[860, 219, 748];[35.06, 33.7, 59.96]
[749, 23, 77];[59.87, 50.47, 72.54]
[392, 427, 37];[51.83, 67.86, 65.23]
[363, 320, 890];[94.23, 57.02, 67.73]
[447, 882, 8];[61.5, 38.06, 65.44]
[436, 105, 561];[73.19, 103.73, 74.58]
[163, 794, 392];[73.7, 118.32, 47.27]
[748, 36, 88];[52.01, 58.0, 2.0]
[800, 780, 563];[67.88, 80.42, 75.68]
[841, 475, 47];[68.67, 19.5, 66.2]
[37, 213, 320];[71.71, 45.04, 56.2]
[958, 553, 751];[43.09, 46.61, 59.15]
[751, 471, 551];[56.6, 20.24, 75.09]
[106, 461, 253];[47.12, 75.98, 63.96]
[795, 831, 958];[42.56, 63.05, 43.96]
[796, 759, 876];[57.99, 53.31, 60.83]
[920, 765, 907];[50.35, 67.43, 59.83]
[776, 922, 865];[62.11, 73.49, 61.24]
[794, 303, 358];[124.64, 39.15, 52.89]
[972, 396, 561];[70.34, 49.95, 64.14]
[128, 695, 227];[79.55, 49.7, 62.96]
[88, 463, 109];[-1.34, 45.15, 69.85]
[787, 875, 929];[43.96, 33.55, 30.41]
[431, 138, 296];[30.5, 17.82, 77.84]
[889, 800, 860];[48.47, 54.34, 55.08]
[797, 877, 644];[73.68, 42.9, 61.95]
[36, 865, 919];[40.84, 49.63, 57.91]
[763, 28, 339];[47.66, 16.92, 11.08]
[212, 891, 235];[41.91, 75.55, 51.34]
[207, 387, 235];[8.12, 37.0, 52.79]
[320, 559, 920];[65.03, 66.86, 49.25]
[316, 220, 774];[52.07, 35.83, 73.37]
[759, 469, 839];[41.11, 12.22, 3.53]
[418, 259, 343];[75.69, 35.68, 53.19]
[802, 475, 124];[58.37, 12.17, 60.77]
[207, 976, 559];[10.14, 42.14, 61.04]
[892, 842, 695];[70.58, 27.61, 63.65]
